CH1,CH2,CH3,CH4,CH5,CH6,CH7,CH8,CH9,CH10,CH11,CH12,CH13,CH14,CH15,CH16,CH17,CH18,CH19,CH20,CH21,CH22,CH23,CH24,CH25,CH26,CH27,CH28,CH29,CH30,CH31,CH32,CH33,CH34,CH35,CH36
0.806202574119665,0.8948489401913486,0.2929403565549811,0.5808669219879384,0.7429563470499582,0.7243402532300877,0.23233748372656482,0.1452555442994546,0.0380967031212604,0.06403985951109403,0.07794062397018758,0.6132315614178194,0.541986980350203,0.29205831863390713,0.5286315729575723,0.40948945396928504,0.40502900484039944,0.21241427142455468,0.38337979752854734,0.2022231922620117,0.4323454709825534,0.5012765796718253,0.041696768613167845,0.060730042299035836,0.4815110716055817,0.16337818093422174,0.7451551453852178,0.8893929298664673,0.5725271844615127,0.4222630670937523,0.5929306393930165,0.944492198679239,0.46904774892677586,0.36597257692444835,0.1504274881707497,0.5134536992566104
0.7614839163051099,0.9641453368706843,0.2596289276191604,0.6183742372350504,0.7747140981275713,0.6296447075935684,0.23283428867229852,0.14807116684351312,0.03841113208250285,0.06559015104732513,0.07246087735420653,0.6160666338790277,0.5491678941088926,0.2858092958469352,0.5283959274816915,0.40676154476035076,0.40389374204642176,0.21071527879685012,0.37699204052025886,0.19715793420865263,0.5200397787895187,0.27121208598434227,0.039053507888004435,0.056282524148569324,0.4766055392562143,0.1675590684616184,0.7119287538964858,0.9172659262556883,0.5479586104514624,0.3794264595597512,0.5698485689212477,0.9460670926616376,0.434250104855542,0.4508433410758803,0.12905516961256383,0.5142702357849438
0.8152563907719708,0.8471456054640362,0.22347451451965095,0.6231035381459028,0.7644440864040254,0.6756237289857451,0.22907232657269402,0.14392125791804355,0.039839361944376706,0.06849175575708366,0.07577778507079597,0.6149251166486998,0.5503718535705037,0.29971880890557556,0.529015020263811,0.4123270793707629,0.4042903643750136,0.2097417565249873,0.3811749926009742,0.21303477030460122,0.4414947591082087,0.45659313455675643,0.04290486603043542,0.06351384163649865,0.4601852664361399,0.1664619201716065,0.7813456980995904,0.8875071290616338,0.4081851371430183,0.4744124658834763,0.6393092882818847,0.9513320198754978,0.4740272608960578,0.43992610859561343,0.1998585019392838,0.5201230310156721
0.8496988453899487,0.8877351718347908,0.26631223643769014,0.6115833760494455,0.7191767266182052,0.7919567687687263,0.23602084688347102,0.14915850641373196,0.0419673700768442,0.0708686838366217,0.07011640178898487,0.6166916852365116,0.5475027438793134,0.31422338072791567,0.5310224025235872,0.40660320697242935,0.40536037442109385,0.2085532519481319,0.380365819216823,0.19708733217870056,0.4891016797710753,0.36887480260253513,0.03751068190587936,0.05412757324757633,0.46339797574080877,0.15950618726197113,0.7817353656007152,0.8991053502757895,0.6932029161762236,0.3216441547994239,0.6258579118472976,0.9309019683788063,0.2208073905249029,0.5276887060455617,0.18004636998719628,0.5169336638684704
0.8332543090564108,0.8123292986230971,0.2697802959537037,0.5874140432608868,0.7803358580126657,0.5885502189651564,0.23095302370835125,0.14277797038692014,0.03814023575476816,0.0637232523899216,0.06242306975416134,0.6203407750813583,0.5460837705109862,0.3041561270754413,0.5235909612663883,0.4028594761857074,0.3993717849013066,0.20372264589568784,0.371761180183334,0.1856774849766904,0.48192356656346425,0.3135196735576279,0.030397662984327112,0.05087493864333337,0.5235426607925852,0.11575390353378179,0.7891860137122064,0.8890582702700247,0.23538749497906555,0.6751360053834896,0.6192970233863666,0.9431354939108465,0.5072853299529398,0.4722827988197243,0.18106473037361995,0.5176115728915305
0.8893561824457592,0.7512537257995484,0.2521781417359133,0.5801687540882424,0.7166079715248448,0.780214141625034,0.23019557783469996,0.145674487711543,0.03855939419052873,0.06539294808971874,0.056725445271176345,0.6195649268635419,0.5594422245539276,0.29752608450370444,0.5232989927118783,0.40183391187256656,0.3983340340687713,0.2049692135746829,0.3557920465806005,0.188710789388769,0.43607994805303407,0.40947516533181777,0.02506129144289526,0.0472240656711016,0.5110838146294466,0.12119115974267758,0.7673099414253941,0.8937693278675687,0.38958088181921136,0.5202898501733092,0.6021024644390913,0.9506854436531331,0.4910208148903199,0.4089583107212504,0.16009850391102787,0.5169937795740599
0.7978664283004822,0.9000556354362232,0.2900032389771692,0.5805217557008313,0.7525125536182885,0.6808957771636398,0.22753529132975336,0.142252397281874,0.035672685587443076,0.06344589433677905,0.057159827899870286,0.6223167446380066,0.5551174905323388,0.2911640163912741,0.5189889962774824,0.39320624077836275,0.3922136449655168,0.19573011028388548,0.3503294990419602,0.17654995870795992,0.4971495658255703,0.26424363832038966,0.019491482413143357,0.04315720460348943,0.47872829740521017,0.13399723894690962,0.7454334096163373,0.895362872881112,0.2263989229526419,0.7341463184554708,0.5864932965400591,0.9408636544938348,0.2874293622280875,0.525226927213528,0.13228221287371977,0.5263588137206263
0.8645211493272925,0.804524476159034,0.2932302077591953,0.56614533548341,0.7061951815610057,0.7224114394100293,0.21947862502352591,0.13874972654675838,0.03017851644280012,0.05537662027817125,0.04236477487887241,0.6243805302603525,0.5444505657907708,0.2883245139753948,0.5156454070456548,0.3840070748535865,0.3890784581904209,0.1919904296724742,0.32872604904831687,0.16148407783378943,0.440135356247776,0.338974313953559,0.010208372283378342,0.03599558915223677,0.4773931206213029,0.12104177610013894,0.7406912653784521,0.8661599380718277,0.41545145630888,0.31628431419108055,0.5649153024524359,0.9364416085775441,0.4589279512686381,0.5597896605814527,0.1114019321619224,0.5268749393413895
0.8542698202497624,0.8206308822994479,0.25450513120879464,0.5737251116027278,0.700318497003462,0.7215361180148911,0.21411579001164785,0.1354158162660209,0.023336615560336726,0.047903785353672124,0.03626533977417046,0.6270348219782385,0.5445986723740559,0.27423353250516913,0.5134540250387771,0.3818612632831168,0.3896645400549796,0.19242096635747896,0.3345509246926457,0.15989943027041037,0.44309036419302306,0.33827438514440167,0.014614065053397352,0.04049981008045361,0.47656212977405243,0.12259703162547003,0.8146707193448661,0.8759514282654061,0.4638712856676661,0.5013742659826596,0.6508144846590411,0.922590761942481,0.31226354134993184,0.6240154002824769,0.20189336311579847,0.5390691785874508
0.8282919248430954,0.920141236852571,0.3021933224962175,0.560605548431747,0.6964260492613316,0.7555579622597451,0.21295420130933143,0.1349365598925807,0.02361409139580617,0.04383211999410119,0.03828268263131557,0.6240641998557237,0.5344714502542232,0.2697155449418914,0.5108097477423049,0.3700367840861045,0.38344156904795335,0.18471639286337171,0.3178815522682504,0.1529036174154993,0.40184562808382723,0.4108700019115301,0.01415910720724256,0.039288246431310514,0.488342247030282,0.13650063338980833,0.8418747972586373,0.9042739804668622,0.5204598787876102,0.3914792861916578,0.6556958218409195,0.9178805022313707,0.6389471925735256,0.35339877606906395,0.21183885060755886,0.5247516862019249
0.8776744626146489,0.8285222675303675,0.26900233218907743,0.5765278066352978,0.7320422672747591,0.660280387910087,0.20930849171224924,0.13183544890566634,0.026781052395904226,0.041497726656765765,0.039248121407398306,0.6278202234168353,0.5288894185923823,0.2713805311827186,0.506308570818766,0.35910765541471784,0.3720226900410645,0.16984579981437908,0.3221357036546919,0.13875963278767112,0.3727950195284794,0.4377224350907353,0.010793688826802539,0.03291960725147591,0.515020077755959,0.09870998758825317,0.8373387917070485,0.8949237476919205,0.4102169521045992,0.4024412310451375,0.6411807489033814,0.9413066782107012,0.25165557583777753,0.6507828458190089,0.20572725513727255,0.5289727655427798
0.8688578565153591,0.8661566113574058,0.25756050745916853,0.5713598446330164,0.6983142859921635,0.7074213889474192,0.20940720321350711,0.12935460832602896,0.02366405304340735,0.03841910264626314,0.03610429641893642,0.6262592915737764,0.5323580997467644,0.2556442005441687,0.5090696538821537,0.3658691831939003,0.3818652447720766,0.18347443928938145,0.31448668216074743,0.1507802851089753,0.40766025335092493,0.3843122208364528,0.01764838112180589,0.03940489984163115,0.4934530171756516,0.1296090759117397,0.8395304358172981,0.8835264736900577,0.46886730652952285,0.37673407463044895,0.6359061168037816,0.925864857538581,0.5623107771544312,0.37927257104439627,0.18860361942629406,0.5302468079994983
0.9072273497806743,0.8643650149502407,0.22938056616844965,0.5930052521544155,0.7057700052453262,0.6996867896416474,0.20501976916258602,0.12766800047066001,0.023872009478619893,0.03678940901659011,0.03424460024714315,0.6282091762947588,0.5257348529570939,0.2634088781276528,0.5039976226622548,0.35456184552052855,0.3695156561813141,0.16570110638184654,0.3016043739838278,0.13867223519860528,0.4122791713554636,0.37137412513977075,0.005575481696502127,0.02922968450597707,0.4646370257641227,0.12146159895711583,0.800737268013621,0.9078653840576176,0.4382865341853497,0.45686620253268817,0.6127066535240467,0.9268700557124145,0.5728939646325684,0.3623417213275636,0.16582328069410668,0.5225303740377941
0.9388321466481183,0.7881730663308828,0.25011889821216904,0.5772902335245378,0.6974209266623046,0.6858356815254615,0.20155548417434693,0.12462460344011056,0.018477031477152073,0.03148659471855875,0.029760874746982247,0.6258094882710037,0.5260685964544931,0.2535164241635385,0.5027134767153186,0.3499532085878207,0.3689108071299638,0.16883297903252187,0.30099505484178635,0.12592275029961975,0.41502168559646974,0.32435279609463663,0.0,0.02481616557440891,0.433394975402729,0.1416978096035849,0.7893134725715283,0.8929544764557596,0.5960105062683481,0.3012153107048261,0.5900539259397237,0.9384479841199557,0.37791544625434303,0.49190317051103283,0.13854065342748584,0.529015194352668
0.7864000763272133,0.9132152537230358,0.25502678446621935,0.5507030639318832,0.701210365272209,0.6742171563346703,0.1933833396196865,0.12477547310476333,0.011159381534856627,0.025156735351145043,0.023401980771636688,0.62645322407321,0.5184320028196875,0.24907289845762387,0.5012827571698479,0.3509908880144409,0.37243446371133276,0.17273586609668473,0.30529031855036814,0.1330694960831441,0.43862394518893066,0.3168614250387061,0.0032997241922551046,0.03038388986497287,0.4689840459275284,0.10690748398331917,0.8136161467864031,0.9001579744166871,0.3509321458507035,0.5055081191491588,0.6449872355898135,0.9388977467198941,0.4684066504649903,0.42037701958129614,0.2040701672109782,0.5395916363193306
0.8635411574575944,0.8469568265590899,0.27802150721677454,0.5815363764257624,0.6822105265807101,0.7352883434333936,0.21098989329571397,0.13365945827366454,0.025227638922306284,0.038482622678314926,0.03845406498679921,0.6302778812451033,0.5354450970299098,0.26046311376785775,0.5065081809939658,0.36133916451278203,0.3748203962796156,0.17481908669821072,0.3247169672915321,0.14919393518469531,0.42713843173892996,0.3718533715261748,0.018144693823387126,0.03857603017221256,0.47573151372264344,0.1364806536902501,0.8690986721321066,0.8971935734033086,0.6185803055356751,0.2163293256704727,0.6617875017280581,0.9330351622262479,0.3514618325024347,0.6351285518863933,0.2322058393160814,0.5366224696554729
0.9107842737299013,0.8389365748758233,0.2754455232030952,0.5849449975100806,0.7116358804576391,0.7186710695567101,0.21498315610039428,0.1369153912294936,0.029673278318379903,0.04305748297853462,0.03922073198828002,0.6315759297572557,0.5309049475766818,0.27228501168612596,0.5094368509385695,0.36617116059216515,0.3790339414957322,0.1801979830377648,0.3349703602454278,0.1451105109867269,0.41886214780727093,0.41950731104919775,0.020299976274189224,0.04087266939736961,0.5035334684345578,0.11669405927197518,0.8554579077424368,0.9227080260567976,0.37641957271354815,0.4036035102202484,0.6509316101874458,0.9368120285398778,0.3261386434788137,0.4189486528144277,0.22122426031042972,0.5294350557927846
0.943933461225373,0.8193171237584917,0.2522552730570746,0.6014055166770198,0.7583415850014715,0.642057292178239,0.21716298089611097,0.13538143725093266,0.03298952118237408,0.04258754980333013,0.042686016908264124,0.6284460654221763,0.5372055116430315,0.2686007814287957,0.5143545679035408,0.3814329198439091,0.39200106634583487,0.19671481317871153,0.34942236009331784,0.1685378990336881,0.4165945792985556,0.4315905572637417,0.03602253327025118,0.05245392407642996,0.5057576471423093,0.12105851750427854,0.8705830853366503,0.874773624178278,0.6072584694165254,0.29648309999504735,0.6670812674121429,0.9120668118631712,0.6033826242158659,0.26913126548704924,0.21392523193041454,0.5277996546674731
0.8557841930607328,0.8942481631311499,0.28843422697265514,0.5711804694637299,0.7379487895546535,0.6520362112873818,0.22241348402266756,0.1366930159826214,0.03340794813433534,0.043942334589673226,0.04331117917194921,0.6223745086603094,0.5419968356445471,0.2699178584458997,0.5217557450949748,0.39376780955303997,0.39912012076224895,0.2109894365316599,0.3583964034907692,0.1663513430298187,0.4328398812806693,0.407532527596703,0.035412541188590274,0.05231375743759337,0.45179604163848264,0.15997947313882133,0.8364661245356166,0.869732991417328,0.476434276211952,0.5446089996675254,0.6380904550882988,0.9378814225322085,0.5350804422382928,0.41162362623356313,0.19206215680222458,0.519151326475966
0.9205469909474653,0.7835177740439145,0.2524108733301017,0.5916414776864728,0.7189031926098614,0.6835922212480726,0.21828909793545456,0.13770324052846988,0.034767620856032855,0.044657035173138904,0.03736639921633195,0.6232250439696829,0.5415602826259218,0.27928422092115746,0.5229202521690919,0.40180513155752945,0.4046710892873019,0.21543744695527778,0.35718172956576605,0.18456941968493396,0.4071720313091204,0.45788251858800055,0.035099519443183125,0.05704548344026278,0.4687226067405642,0.1345783131462962,0.792970921342551,0.9001154387176328,0.5218946795347721,0.27409337179192744,0.6239911115092862,0.930258569248352,0.42556301113109707,0.45109558110009196,0.16536768608321548,0.5141003702543928
0.9293442012853493,0.7937519175031422,0.280465489086948,0.5497979224840689,0.7025287064343777,0.7008026010842838,0.21433703869988832,0.13459270991734867,0.02832855046863947,0.038192045276031705,0.02645817576139864,0.6193832568922728,0.5373538408409606,0.2715625374203336,0.5323196023033206,0.4178761249016231,0.4182355424141824,0.23632994605586877,0.35972365632791703,0.17985944685146965,0.47842159631269066,0.3224758355866937,0.04117807053570466,0.062395276156002155,0.4595139926758116,0.12493381951886595,0.77400062129247,0.8911377526133686,0.31089744873270275,0.43421749384112157,0.6003421980726454,0.9360030824614951,0.3695940642596985,0.4670188922016626,0.1526315402660176,0.518133479525516
0.9227565663537565,0.7626463281163034,0.21957422381809194,0.585203204215171,0.68656710046401,0.7093652469939818,0.2142783455638137,0.1329969099976508,0.027995117174534123,0.038585496643515294,0.020799999353598664,0.6229759381801074,0.5472898890139031,0.28324037684795794,0.5337069163318771,0.4274183199494986,0.4202358542972904,0.23610849741158013,0.370140014792009,0.18790789699395316,0.47558373221024164,0.38260664418747553,0.04788451428148688,0.06815448846504413,0.48212623777076175,0.12488800961250579,0.8488252034733403,0.8485656624519591,0.40212335033536334,0.4703942907092826,0.6683217136237971,0.9271867958909532,0.4652694556992654,0.4542464836109454,0.21766843575039616,0.5188124115361119
0.9658376637502232,0.7827301731217909,0.2932216343940279,0.521703217802929,0.6744658729612891,0.7629928053114102,0.21633637433204786,0.13402693670774596,0.02700139490372233,0.03204252407183006,0.021032538917767796,0.6195793500301252,0.5370451676967098,0.2770186633264011,0.5373910456381477,0.4261168275491399,0.4263077665161767,0.2430163093983754,0.3700787551969468,0.18580587600662712,0.45539321507006814,0.46369508877929705,0.050452709094755965,0.06956212211032242,0.4772535459166791,0.13861493552525533,0.8524671079554238,0.8411887376528672,0.21779957547996806,0.47543838047683473,0.646987536447915,0.9336866731211224,0.4116687385509672,0.3633396490881745,0.20229431881532367,0.5113349140600768
0.9048220947521154,0.8686361743359591,0.23226364334528987,0.5859591030967212,0.6956301954164327,0.6941582420838164,0.213030801921095,0.13360857558267125,0.02764714208870367,0.03531047195498527,0.021201763017414055,0.6242276057586958,0.5520445928768469,0.27648547246346583,0.5392862004935504,0.43728773208495175,0.4304255010810124,0.24984602136627798,0.37127228711090876,0.19818579574571704,0.42347468617861994,0.4901178496891125,0.053140082510112596,0.06948807969828169,0.45005654895332825,0.15830583632470718,0.8157956470470868,0.9076091475778374,0.38806798010245863,0.3014459078596314,0.650407706946456,0.9281311382567179,0.20087872797655326,0.5336645475581681,0.2065128880276977,0.5053133164067216
0.9659988699293758,0.8011484446443922,0.3141467471110031,0.4972437994983878,0.7037544579635566,0.6804725229779816,0.2120353665100496,0.1297206889783819,0.02585951295984834,0.027052544001242462,0.019380758328432224,0.6228212953647796,0.5428705993613435,0.26333333044528723,0.5498043976914934,0.44707720332438117,0.4430790289405366,0.2657634849787267,0.37505404935449754,0.19284880042164526,0.514213037367023,0.28968043338575733,0.048097448310859714,0.0659190699681858,0.4732732610310557,0.13477138494921082,0.8163548754264669,0.8697448991644644,0.5114505076535178,0.3217952168628659,0.6452018193521489,0.9200520868002722,0.28708816226564143,0.43851068826537204,0.18595674083445723,0.5073948046914994
0.9117997748184441,0.8579627814671456,0.22666437081436897,0.5812349869704274,0.6826744044112971,0.7050536969570591,0.20550621045404938,0.12738809653049582,0.02295334356001355,0.026750511424475043,0.01867621438917655,0.6222032012644605,0.5371683793393395,0.2620157611601,0.5692373537265556,0.4819826912592209,0.4729450662816401,0.3129164258085319,0.38679755747067246,0.20975206699842402,0.47589265727599556,0.4504941334672694,0.04875505714638573,0.06335086699519138,0.5013719474834244,0.1168553910221315,0.7931994639995947,0.8865225402182266,0.3709545281539073,0.3986939241514695,0.6145319515449276,0.918396541671488,0.5213572186322144,0.29053122303709433,0.16657357549086818,0.5092676243683801
0.7668327917205887,1.0,0.22464782389196375,0.5737684136016501,0.6565692967848528,0.7393874561006095,0.18947656591513345,0.11614738305565298,0.011893750172765283,0.01664628917161004,0.01765871548588338,0.6152427681163025,0.5151787088809525,0.23957302899615823,0.6180230813544472,0.5357113959227404,0.5397484493621677,0.41194616724886773,0.3987612378187284,0.22303477741357963,0.5100421646033821,0.38342300026566467,0.04548745585162228,0.0523890358510018,0.4347824658773358,0.15480117500824103,0.7762953327875376,0.9320166651010031,0.3889806604060604,0.3647325945658508,0.5781206264427857,0.9319924764235608,0.23160448345935758,0.473511180774149,0.1638341400885534,0.5218154930173122
0.7881166833867717,0.9295356038529723,0.18816651424554082,0.5922745717050192,0.6852934957846263,0.6603597296597892,0.1708820610382884,0.10359546504497824,0.013780190458354435,0.017505462154416063,0.00919961734323882,0.6170149788881087,0.5209070976168697,0.24235584320712483,0.6485742176603684,0.542544055326643,0.5697212990033698,0.4561703771741944,0.4017682050574277,0.2216429497569341,0.4480186266653996,0.5869698952524518,0.048196261219787706,0.05185234510689668,0.4719584243950805,0.11120980321084334,0.8722887356330307,0.9303362120396509,0.3193570914850603,0.4115820340314176,0.6549098586010942,0.9108728059995466,0.21072128392361103,0.5565855589011464,0.23310956589608994,0.5241277329261284
0.9504355107550375,0.8203558444694414,0.2960430296571595,0.5392981265296682,0.6868661349408305,0.5990834305689644,0.15160453131288748,0.08805580455608186,0.005185260020885263,0.002589965431636587,0.0015674862504714282,0.606396828371816,0.5080466125257167,0.21766535568133083,0.6715562637897525,0.5355072371796818,0.5982362000594643,0.4989006016789643,0.4105209167267544,0.21424103114164922,0.5036752188325193,0.44743354193354806,0.04371838214156998,0.03252270634718457,0.44415500874805475,0.09024778758932317,0.9094042157141986,0.9346008409036666,0.484706844081037,0.31333756623039893,0.6350373109391796,0.8984353648592163,0.4492780458889458,0.39983783166182046,0.22945103852520168,0.5208516528778718
0.7971282422504049,0.9815060862266141,0.17687631961715705,0.6015688558748221,0.6153376633234957,0.7004712232413407,0.1260764772542105,0.06736266411358216,0.0,0.0,0.0,0.5972104374618766,0.5045360996592629,0.21080580590510833,0.709822951463057,0.5405835226126864,0.6537407021631846,0.5868855718211483,0.4336781587226791,0.2336825359002182,0.5411045830607148,0.41671517826894694,0.033503650381449535,0.010492419857709323,0.42280437220317285,0.05557226535054194,0.9307515297711739,0.9999999999999998,0.3018698827902947,0.4454426127272725,0.6253559587687149,0.897387537138828,0.3957703867850843,0.4676875112853043,0.2312714331385165,0.5232042254176712
0.8799010849460145,0.9195406742087409,0.2615110639716121,0.6207758780537761,0.6547543605343785,0.6320640504922955,0.10580870431230022,0.05339219118893973,0.009131159536767242,0.019130504046838248,0.013261619069432684,0.5752145719471946,0.48138076281061815,0.20117892785343572,0.7434294827331851,0.5619436428034317,0.7148294320720352,0.6727913523727207,0.46650149824788145,0.25347537209189847,0.5847006620927352,0.3670727246223042,0.06378970655296146,0.019007781987353978,0.4881355400504509,0.027515866733712202,0.9410203387834537,0.9768414867989216,0.4766561493547569,0.2586172859141119,0.613539699873626,0.8769000216188542,0.3801602665704472,0.3916470823082418,0.20901069792890972,0.515369616306795
0.8812528640007781,0.8706539305798819,0.2653579325716488,0.5998430565807642,0.6393201026521099,0.693559675048862,0.09127094131381819,0.04630287994079235,0.006571957518766158,0.025801122254555775,0.020320133696879017,0.5765648742781287,0.4724486715763361,0.19393939992662218,0.7307624181165995,0.5500010493160411,0.7009912344833404,0.6557269344369573,0.44944086905436975,0.24625645619030478,0.5750852039909333,0.36483682957001246,0.03762074186725195,0.0,0.45488401257140976,0.005314857128961792,0.9233028660476345,0.9783379835222511,0.46922563890088054,0.26401462589025737,0.5841464947174344,0.876759791083076,0.4557192778803565,0.32500581663051065,0.18345484856806926,0.524741171044499
0.9999999999999999,0.6323889622594219,0.31157776492586275,0.5749367847774515,0.6557610928394961,0.6880282018654238,0.07962286195943369,0.040645039639783,0.009017500019751434,0.03910933481828116,0.033770378276631485,0.5636704723515737,0.45354862691194964,0.18343165936774292,0.7571018321407479,0.5952599305979068,0.7357311911308113,0.7123838804325993,0.48454640440575636,0.28988476885517156,0.5351643578521394,0.5504255373408659,0.07677467999412357,0.03390153055088685,0.4612495947079943,0.031223335252907825,0.8918681705408255,0.9580694447737867,0.27716622016482284,0.48501276007201793,0.5674073498467538,0.876357393762353,0.4014473903679095,0.34473505182312525,0.19021032359647397,0.5365596927644827
0.8208427102137736,0.9448274419918696,0.29221945219199025,0.6492515009357089,0.6416600207794269,0.7324772865625858,0.07737488315554358,0.038844259202451936,0.03143820289696453,0.07704859816163723,0.06903074087609595,0.551574199606514,0.4550138935444511,0.20241827939628276,0.775400052470316,0.6396457971527371,0.7625431568526553,0.7578974498214094,0.5281259198804056,0.3263206006617313,0.6596072671167078,0.3462514091086639,0.09872830914171982,0.04490670782462486,0.5061313576945211,0.005956178541020429,0.9559023683772185,0.9756695577253622,0.40330101668350427,0.33030997427448805,0.6390925957058154,0.8644390981918262,0.3519727471047831,0.4983632106165467,0.26226629621495084,0.5424926419081101
0.9258063011399996,0.8167385675644732,0.3168220107590597,0.656279053460203,0.6570386824523782,0.7180785519277404,0.07642254691215267,0.03815452217203891,0.04088745582184017,0.09353647836666867,0.08685589505658664,0.5384459106540387,0.44813115768248263,0.20278935425146893,0.7796456076764304,0.6440626896410631,0.7681481110151362,0.779207018765829,0.544794400284754,0.3282918450424074,0.6225238785207405,0.4614830670977842,0.0873119332067725,0.030699422258447573,0.5011357241854115,0.0,0.9908212078047393,0.9576999828137045,0.39172189829993476,0.37309710566374715,0.6445161915100088,0.8466696202016462,0.47466770819157955,0.34371743167494895,0.27081552003632514,0.530363650043447
0.8605738677740182,0.8971253700710313,0.45521122523162405,0.5769398437441416,0.6778414872671228,0.7379984300526397,0.062232359834501094,0.022817624554037297,0.056270670145007584,0.12297926820054417,0.09799285551995551,0.5196944346754813,0.4448456910110705,0.20907603800126368,0.7920743638751652,0.681981787764909,0.7883672450431132,0.8113871099556239,0.5580081472757935,0.3543766289486705,0.593963356662962,0.5818957251968608,0.10548823930949114,0.044376825117077856,0.4937626704962994,0.03323806326157913,1.0,0.9597423965286368,0.5947021946634599,0.1733585597283579,0.6395113726079618,0.8368506908267134,0.2658512584096863,0.41085156357115266,0.2669651757271805,0.5356490727180447
0.9376789333780264,0.6784327910032738,0.3738407508034893,0.6262144068471316,0.7694881400505846,0.6180556887097931,0.07778101744977778,0.028836906268055074,0.07163606330897143,0.14801156066790694,0.10789984152270876,0.528623612340803,0.4522305356043307,0.23146905763857006,0.7930748298204865,0.6820044438759562,0.7841271544548747,0.8022994410586697,0.5686276203392965,0.34848024991462806,0.5926233245148421,0.5657311719384025,0.09849459086223084,0.03860844807715613,0.5038423715566228,0.029988175387832938,0.9958086325873188,0.8879374293982532,0.3492668382424608,0.4720835078774308,0.6197000281885776,0.8546820930611598,0.37856877262770583,0.40874573128803793,0.24542696888420096,0.5330227251563154
0.8109643968954217,0.8327316612802709,0.3682970814205412,0.712031371883979,0.7589066281965136,0.7171073368945313,0.09429144412531426,0.04419918195167316,0.08156376926689657,0.16521918484064302,0.1159469314364251,0.5446917158614717,0.4622419888464927,0.23776086720058792,0.7940259059366306,0.6658485391694706,0.7753251152806641,0.7843495694930493,0.5772800037813449,0.3723052627572352,0.6231438030843645,0.5347868130828526,0.10817994468566577,0.05125669433290114,0.5080006867069632,0.033917674924958896,0.9205430505194607,0.9176641262896996,0.2997334817403614,0.44693137214233736,0.5911060687240927,0.8508292120857494,0.5296456252209999,0.29878615850002427,0.22283289457831443,0.5437504459151946
0.8613237612100778,0.6973937790009128,0.3704402321478813,0.693766810834423,0.7753349524270208,0.7232590444341332,0.10277987003142458,0.04278979205753197,0.09335419529283218,0.1936200413835923,0.10632003041975235,0.5523595623848292,0.46953437597719916,0.24966097193176917,0.8189040240940542,0.7314336408429163,0.8167415597379437,0.8435016161640008,0.607390424519903,0.41018887913972524,0.6496944647026198,0.5421594938052821,0.1430790598044916,0.07886726350204454,0.5265059688134367,0.05989890300705658,0.9035241721714249,0.8537717056518612,0.41619359748531964,0.3593475494472832,0.5571845960211004,0.8343317259132413,0.3676565540982311,0.3966759164317004,0.20569002351260854,0.5514364928014212
0.7704944483286189,0.8184142435921948,0.3894590444835924,0.7180599554036796,0.8076732943083924,0.7141660279080206,0.11093959174392609,0.046579356350918255,0.10034046571493194,0.2175639038687635,0.11839063812011802,0.5669889330738782,0.47296027463334117,0.277804016754813,0.8117312797891787,0.7070054728976987,0.8009086903663727,0.8137519574502892,0.6161594655001936,0.4057490401786811,0.65159357738536,0.5262468265964976,0.13979905135582438,0.0763204222778347,0.509294199988682,0.08764499857294267,0.969988834968678,0.8422131950631088,0.4934741385723724,0.2625664693025163,0.6302292346519328,0.8200628244911639,0.3460368455108589,0.48644392160431354,0.27995203888261355,0.5535901792553259
0.8108877693182216,0.8125607585722019,0.40940029899756264,0.7468334276201927,0.7908266151343413,0.783475291506711,0.1170024611981968,0.05590276758495383,0.11072850579018972,0.22827414400716123,0.12989519362743296,0.5825750971862815,0.4725535363878703,0.270185220390466,0.8087549388664359,0.6711796418127483,0.7840613494583664,0.7837274127536793,0.6135513645966042,0.4083730595061671,0.6511786763663919,0.533397130866019,0.1410034266640699,0.076136558145591,0.5023341659595482,0.12739408155152027,0.9330534272191758,0.8780559142842363,0.3540851638913115,0.33434189024275734,0.6275880378031767,0.817362591473027,0.34358433923484777,0.4820135234632683,0.2775180580157667,0.5571391437629367
0.8029923121818544,0.7106498641632673,0.4531219753290512,0.6572579003006761,0.7690560485147381,0.855922331847234,0.12262446571317315,0.05584716436413234,0.11527368237800184,0.23406790112896902,0.1265237968308517,0.5762868809519432,0.4708669797901076,0.27543783988851306,0.8161214966370887,0.6821579131688925,0.7916152279718054,0.7904194812405987,0.6232961551638081,0.4261979041001304,0.6531004044845892,0.5954548810093574,0.16671439207075894,0.0968566881738337,0.5353560304853947,0.1164624066982074,0.9271920086904784,0.8184182471129311,0.5877470246149035,0.1578123652478603,0.6362468420126615,0.803120083506081,0.34039602858184526,0.4330849312280963,0.27590070163730857,0.5449557901441879
0.8040794889405345,0.7397787156314104,0.3528203684211835,0.7752502060243052,0.7877073471283138,0.7837371022149139,0.12649585698057286,0.0579931261261844,0.11634971301320124,0.23746097976313651,0.13058114707240975,0.5769798061646754,0.46653066073735894,0.28480869441233536,0.81685548102396,0.6754262762727115,0.7885436934774346,0.7826204080897314,0.6202841777948124,0.42120250869996323,0.6614302058327336,0.5320832956693339,0.15686767667766982,0.08768132868622985,0.5416946564139837,0.1067903053642153,0.9047526986711283,0.8215742207462096,0.5013091744583685,0.3262746615406193,0.6057369584905391,0.8102335054839468,0.5368942131585446,0.27231298245693725,0.2560243720468765,0.5369126159070767
0.8432250979978941,0.7060165447272828,0.48009804720501115,0.6818923063586521,0.7487852615173703,0.8884052457390645,0.13047790241006685,0.06590430125363161,0.11874656057251437,0.24799740895352207,0.13272544387960744,0.5888116352162002,0.48298734203080573,0.28046687529061326,0.8285415083913533,0.697148267813573,0.8003871974244985,0.8003618608267213,0.6514663993304566,0.449691962496412,0.7052055971555363,0.4673017841819928,0.1775070072599098,0.11111426903403415,0.5736453311255537,0.09591448250477663,0.8367573088413193,0.8187443225718994,0.23075749424608755,0.5307012534322388,0.5797360194034316,0.8136078880572051,0.49810937214444206,0.34166518723688066,0.22996940050948986,0.5365764889210946
0.8825403947803525,0.6298646650648124,0.435484571613592,0.7210987906720779,0.8250231599646451,0.7523266514157204,0.1321753061043236,0.06876194720757867,0.1188543518658407,0.24963159539635,0.13618072889775662,0.5886343088660545,0.48680329358924695,0.27564731189737657,0.830092260045799,0.7077872739627746,0.8026414996435438,0.8058803051099785,0.6407474215563681,0.4609614460020925,0.7253102196148679,0.5444464166934303,0.17641254749770596,0.10823762594870867,0.5740730563231788,0.08657466709352352,0.8146269452846369,0.7845731848044823,0.5561173474745456,0.35070183924005444,0.5521527356464521,0.8095404536935289,0.4329302025197551,0.39541850711382076,0.2053819865252961,0.5329764522811946
0.7284484634784794,0.7952847313327733,0.4077141588994225,0.7736804794731591,0.7891532023886231,0.9039702727677802,0.13538393329702142,0.07518411259420055,0.12469237886758155,0.2621548873899875,0.14552953237566735,0.5977088542647081,0.5022269435248938,0.29736059234269996,0.8318972503533151,0.7205803501425447,0.8106487789515187,0.81521957198002,0.6623782178455138,0.48248961357440207,0.696797066281455,0.6017900505369741,0.1843493063899081,0.11444418586057181,0.5691894044585476,0.09455677100447785,0.8783783559619696,0.7761853180959627,0.5006351339977593,0.22043045164704184,0.6170048575251815,0.7860995890307276,0.3561735719768207,0.4651415937945981,0.27148231042159204,0.5482171986900626
0.7821715722149274,0.7009774126138055,0.47278024253654755,0.7025655360262123,0.8523323960015854,0.8204638210242923,0.13978885140897973,0.07911555148577137,0.13174819885395572,0.27346148322992603,0.1404652279530083,0.6019769612186585,0.5077631784021457,0.3119534143386603,0.8445324968107549,0.738280128461567,0.8253731010351566,0.8384930805662001,0.6858596661787645,0.49708186016950456,0.6611307409560381,0.7285787347257345,0.1934513886957882,0.1197057830538178,0.5538577753848919,0.10292516039393018,0.8632347331042829,0.7962746511367932,0.4273692615183271,0.33747178743541884,0.5908094359685659,0.7761144315795754,0.39254273001069645,0.5287802687126031,0.2628007713212496,0.5416280237454675
0.6766385190131101,0.8798893222545741,0.36324290665921277,0.8227368991408813,0.8788572129789991,0.7419810448572532,0.14037755149945713,0.07673012945960866,0.13268094290040316,0.2743480202165712,0.1425110061441079,0.5998707049684292,0.5096627405679878,0.3023858141414019,0.8448357099779205,0.7423831561870471,0.827091858069256,0.8362765936349172,0.6760754817939559,0.48724619917127576,0.7132497544258982,0.5623176947661915,0.18970194391423878,0.11328408332226253,0.5854560956263943,0.08942158469170275,0.8640201452226748,0.8182084719354321,0.35660758201627674,0.47450666483345755,0.594217336605897,0.7741031997015145,0.5394772583582508,0.35494309633782267,0.2628841804301995,0.5471294632807401
0.7395212845660917,0.751896968074482,0.4630673003657278,0.7191494677891153,0.9032854552619314,0.7001618612188467,0.1301602952996782,0.06518185052340725,0.13241449927921944,0.27507308653870993,0.1311582625303661,0.5825560397163865,0.5029986407634172,0.30671574863322604,0.8509195600599182,0.7602164775636471,0.8411359827419085,0.8554776919551712,0.6929915162888688,0.49711845822885303,0.7958227737756199,0.4755359359207392,0.20313922211418733,0.12343849973970766,0.5574643301367019,0.10592575739419768,0.8376446145501037,0.7966887208114665,0.4466917725055977,0.2943730569961318,0.5683636447597515,0.7745545342185024,0.47254020002579367,0.3605646208864601,0.24413324705126901,0.5460153925979528
0.79370850876082,0.6752642496169015,0.482708180833584,0.6894054875232064,0.8477853065276721,0.779816000043694,0.12607722830774354,0.0620697412350536,0.12723088491607398,0.2748511203001189,0.1343187960738189,0.5786092814639351,0.4971944668823325,0.29589472957211327,0.8349513678025868,0.7179049530607671,0.8156813552412359,0.8180917729390227,0.6537361794670152,0.46283996917975395,0.7510924983976228,0.47517513544481704,0.1712316002189745,0.09682314448720608,0.5539136710174337,0.10298236379141074,0.828673400433075,0.8089844937763656,0.43705003775214385,0.34757759406657807,0.5455919190974127,0.7625614895757392,0.43906376804634234,0.40569367564102443,0.2125984868504529,0.5475238350807801
0.7041031690258549,0.7671554919117228,0.38717599405678516,0.7600182233681188,0.82538970980606,0.7790009862553327,0.11520761299536725,0.05058312600744913,0.11720864699472971,0.26565983907320606,0.12271634736358067,0.5651886324355373,0.4795674464241255,0.2848970222894808,0.8487622466223214,0.7649559807066166,0.8456812287876312,0.8630234539943186,0.6701944624813965,0.4865857590812096,0.6921117497061438,0.6353633531856584,0.1989516203402249,0.12145881390722552,0.5946926907801455,0.09179910342860653,0.8092729362892686,0.8018626337996642,0.46597142328196717,0.3480804992074012,0.5171310263749164,0.7632421901051704,0.48641188473270563,0.3340687740311844,0.18459189992873395,0.5381951952021772
0.7603146083854833,0.7021785853659454,0.37892689783795575,0.7396307824462186,0.7874469963369408,0.8158098438654146,0.11042259849075692,0.04105012335051261,0.1165762529408545,0.2657512955232097,0.12526271606867967,0.5598699081538985,0.48793867719733813,0.2986115792543488,0.8558405892961858,0.7689379666377201,0.8640601708093303,0.8877317306289283,0.6686092266560205,0.48941637854338815,0.7359629277824185,0.5753544916037934,0.21297552087087057,0.13294061506418287,0.5867769909249205,0.1016415244624988,0.8626607957785399,0.8470144532681854,0.5432138001983925,0.29515233489452924,0.5968207006621933,0.7325461773362169,0.4593098692100883,0.32497282301369634,0.2751886899716071,0.5454472280246653
0.6675838087009835,0.8704151274518859,0.4128751925036123,0.7268194763388857,0.7873886113091872,0.8133253643099588,0.11357791354367613,0.0422687418083697,0.12316741772945117,0.2728217809214476,0.13383886941863693,0.5661475579205776,0.48393796708457654,0.29440755981264133,0.8407099825168834,0.7503620167103109,0.8473218313803862,0.8636903109954448,0.6635485672876913,0.47628815326872337,0.6781505720120015,0.6336783259970573,0.21437959216182373,0.13518162832999248,0.6055517557612814,0.114130617472541,0.9051091208709322,0.8104250743353796,0.34515776464513587,0.40382774250564507,0.5830935073697916,0.75416843943051,0.5627002908207627,0.3757384876682315,0.28781361634215574,0.5397766570755897
0.6891830936879393,0.8848256527695708,0.4254812078043916,0.7533541289517545,0.7861173166816071,0.7718333134768595,0.10527437491600405,0.0338543438972862,0.1216887239632839,0.2694832830120142,0.13368497419264097,0.5609119256805296,0.4723872102803901,0.27888791481752784,0.8360261335283045,0.7377995438413509,0.8392018803686204,0.8531445951634979,0.6662833023320774,0.4673321976206911,0.7184694909637013,0.6042340198377139,0.22191344725751477,0.13847333599905215,0.5760256598779889,0.146470517785872,0.8887703176432151,0.8256398242659668,0.13717843642626426,0.8166073028218157,0.5904543156124262,0.7352668099980941,0.422171124811518,0.4171154481223107,0.2837896100804667,0.5410412589969317
0.7838483775773093,0.7042646801849395,0.4587510642552593,0.679607129071356,0.7926707982582963,0.7781455344813051,0.10464673467507585,0.03456162462069495,0.1220226424006981,0.27155258243261454,0.13374731189208494,0.5559264187281063,0.4654340280407051,0.2867535770238485,0.8449069349658416,0.7524658384977163,0.8504845056570548,0.8699296747204557,0.6591766974008189,0.4795454030183998,0.7291077113825002,0.6100952644292694,0.22255054151475956,0.1393088932363437,0.5876495712485651,0.12327420006156614,0.8696059637357361,0.8063742460204171,0.4095157870176909,0.42073966231172855,0.5777643479388032,0.7295211078889665,0.3929134018899292,0.4674878716694265,0.2686927611321932,0.5381089850623156
0.7448828000615428,0.7142250092567503,0.37412758933894963,0.7332658811074071,0.7742182940799422,0.7550249588073035,0.10047449226504573,0.030918998754517646,0.11762926177735261,0.2655995647175355,0.12862002183680915,0.5476162146959889,0.4703646553371905,0.27979332156303777,0.8557759812389495,0.761511289232266,0.8652814349726546,0.890727557285683,0.6661735138498849,0.485184494144074,0.7339584751595448,0.5983653791970969,0.23083901076079227,0.1467428148476222,0.6003619587776986,0.12547558123930175,0.8486598837750297,0.8200465215861791,0.43032600431168155,0.32809665292992735,0.550709959474192,0.7357171256842495,0.32826281144370856,0.4238315674262815,0.24562011043535947,0.5341101959284937
0.6891446658136844,0.777750569861017,0.38696428590316145,0.7102594928963765,0.7912843239937246,0.7239156320612177,0.1037491287519765,0.034257058521090955,0.12208370200618546,0.2711518047863766,0.1325934293515295,0.5547800604580926,0.4636570790297976,0.2909784350079877,0.8600192349744333,0.7660222621352333,0.8681835651053715,0.8935672836553328,0.6780166675733293,0.49388409721211596,0.6773938093083358,0.6519090838449779,0.23316893238841402,0.1499299369689034,0.6044542924223425,0.1151397908911791,0.8316620567976135,0.7474929574587155,0.42175537441183164,0.3852859165730591,0.5288524054943061,0.7372216724937215,0.44594664433465286,0.4922956562552821,0.21685674482205872,0.5383508027716032
0.6538342183017798,0.8424141118688322,0.34784407259961825,0.7718454940540644,0.8077762067450861,0.6740209663741222,0.10520252046700102,0.03266009930762487,0.11872941595103059,0.27524384405546987,0.13386191007280107,0.558935209691328,0.4767359827955018,0.2995104602107372,0.8739851405964016,0.7709827450848903,0.8798336993344641,0.9057980027391589,0.6866808410937812,0.5238840850925727,0.779301293422233,0.6011588269779524,0.2433175668789661,0.15982308369685205,0.5857142012798735,0.14103702327331613,0.8446259439943751,0.7999343085199551,0.4630817964534903,0.33524198046044534,0.5882187553640976,0.7212780687827778,0.6078736048612501,0.31064064393579116,0.29962438116362394,0.5585459029022016
0.7681113971986717,0.7278064543396265,0.42833379899985013,0.6985909951137826,0.7643623186456587,0.824427437800829,0.11117554807821423,0.03737437711096342,0.1245195664307156,0.2797838423797429,0.13616457282757255,0.5621060289016515,0.4668588226894045,0.3025779928222202,0.8785659641653573,0.7731143799710958,0.8883253339707622,0.9115732950819485,0.695806695706399,0.5230179552205522,0.7163229091267056,0.6629722549221859,0.2624606107690636,0.17344992231745743,0.6298969461152055,0.11728362306634271,0.8777131695796949,0.7931429537391854,0.24568239945973502,0.5005688014661535,0.5976103175149756,0.7215801313525922,0.17141350553328633,0.6495496738492108,0.3255873895369952,0.562013638451809
0.6678413106492407,0.872592965580294,0.367106680630652,0.7846120854151615,0.7631766742375211,0.7566261571135184,0.10309038587603286,0.031157872286721344,0.11855299570536898,0.2709461136901945,0.13304940710981017,0.5542487271069738,0.4475267932442486,0.28670785583184855,0.8687660704992074,0.7657489177301768,0.8812632251337738,0.9066973190990304,0.6832560585968253,0.4927272844617162,0.8008454269161744,0.4677376018314743,0.24934301374658646,0.1611029293007482,0.631974526422353,0.11018343410555304,0.8956068301070813,0.7577813226466603,0.36784858054199887,0.4462268359665286,0.5956167600524871,0.7175083273236573,0.5445974357357402,0.2815505131666222,0.3181960919941408,0.5508018842488084
0.7645540039804015,0.7619160016839439,0.3940094096731317,0.7216890977780228,0.7690497853444843,0.6946194814309417,0.09138877320839323,0.024046858507157876,0.11646602411984491,0.2677740434936849,0.12835129014742047,0.5528191599711954,0.44058642190723696,0.28260532100074043,0.8943623825576239,0.7702399737362753,0.9028455758758585,0.9319194846709188,0.7160398384065084,0.5332514499204912,0.7531117242408025,0.6500663573482564,0.2833263335951843,0.18936834689281506,0.6585595765542718,0.14188238510099355,0.8649442495896636,0.7920869932010159,0.4674964739872401,0.41122573960591047,0.5880314926492028,0.7000498868246405,0.5152123966203008,0.3711358096476331,0.30695497767451,0.5447822237074558
0.7339139788701489,0.7907198125229843,0.41607771481043687,0.6920715153336539,0.6969058369427327,0.8309450830752352,0.08803038330696761,0.02197788574735804,0.11841925265856779,0.26926179034064324,0.12575837453132988,0.545628741165048,0.4447373086791141,0.2791827022722339,0.8712463857210943,0.7684229178000008,0.889082341341195,0.9094855107176136,0.6862195325765528,0.4986683691302054,0.682302720745227,0.7327398134723797,0.2624228962323329,0.17280989568726207,0.632848586471449,0.13686890788270212,0.8558862033765353,0.755817940451788,0.4832130937537699,0.36871865173469565,0.5563333905195456,0.7174570445167687,0.38571629367414634,0.5534071180976865,0.28173453853051644,0.534652673659482
0.8065343719031097,0.6587579413658102,0.37243538489483824,0.676465195489727,0.7033276249721521,0.7906898222477595,0.08147636220919319,0.020296482577062014,0.11683521230893346,0.27298260404797564,0.12828725368305094,0.546406320867932,0.43594261333367457,0.2710284103043149,0.8770325732973797,0.7675275132917474,0.8926640089478866,0.917514299075751,0.6741419702541203,0.5091573054881727,0.7598218295884763,0.5547347416863457,0.2695248763546311,0.18367133932302482,0.5858993121541443,0.161073085340517,0.8255572211090536,0.7762006896893607,0.26974604216476494,0.586860604969262,0.5324812776337783,0.7142332979063029,0.5366825868437353,0.3616150715057765,0.251353536632028,0.5273737832185169
0.8259045148201201,0.6536090146938238,0.42668215466907183,0.6849742400498467,0.7392326649620987,0.8049859903161097,0.09380632224776048,0.0348221441053983,0.11492377781501506,0.2749877935757579,0.11537541768904719,0.5207706662419279,0.4952524518433607,0.33194919959606684,0.8514808110152254,0.7538159128329444,0.8725550640728454,0.9047991787769016,0.643016465097398,0.4623384571355912,0.7426621213440203,0.4846662879319121,0.23987055922170514,0.1662937409316918,0.5493541798604077,0.15259154817030957,0.8833823940136922,0.8285435929843168,0.3536723422923739,0.39165613959080264,0.585080446875065,0.70948422063022,0.5204300671880435,0.3272251518433519,0.2928265411618221,0.5188116801225889
0.8000513610382893,0.722275782639214,0.41309891770480534,0.6856891449748236,0.7039978690467382,0.7566741116759332,0.07643360981935948,0.021786420881717616,0.10607148772198238,0.2597181391691007,0.12227403898676842,0.532608251135566,0.4354773013014287,0.2613860822121832,0.8260985983960683,0.7204178569600586,0.8478582693177878,0.8723817929031941,0.6333856142546903,0.47406330930045765,0.6826374466863435,0.6442569981930377,0.24918245680798123,0.16974401638047792,0.5908135028272443,0.16392510647200154,0.921657656851383,0.8380375977502028,0.23663693761540153,0.6039818001410707,0.585553793314624,0.707542236802864,0.4493648477581544,0.40626258507489904,0.3110901041955979,0.5214375107661802
0.8154586278207376,0.6460583847991545,0.46427132387022885,0.6143484858366697,0.7156929518410137,0.7392285927797435,0.09727548538014458,0.0347927890809791,0.11818572589894727,0.26706539141682983,0.13373081642233592,0.5401283929136047,0.4537783414886607,0.29903183010037016,0.8408213177176642,0.7425763606613194,0.863696944062775,0.8905312235005278,0.6394254139372961,0.4611563544028692,0.7159174329325462,0.5372717345406509,0.24752800611979348,0.16776112555186434,0.6352564552103888,0.11168195779540963,0.905523055252198,0.84599594628521,0.2788572481539162,0.5176747685337525,0.5843495930841941,0.7083845219104029,0.4848468697088901,0.4530951736186405,0.307808821497494,0.5219753024078587
0.7319566461706885,0.7100960198091324,0.4252893479579546,0.6936086423310412,0.7526138249106311,0.8116143387386551,0.1151476409608958,0.053503182141524164,0.13163600674478892,0.2934278742119204,0.1388797356750041,0.5518238604245673,0.4853631721516631,0.3365361802318495,0.8395695529479617,0.7479248196382032,0.8562232746205627,0.8801391072559315,0.6584234742120274,0.4812663641962467,0.6665003680823891,0.6839177002524167,0.2578450996140642,0.17592306140280095,0.5765984245219089,0.1786342202019967,0.8962538640729067,0.82341424773503,0.5203282540538816,0.44062169727179146,0.5599805282824843,0.7327454814363508,0.5716947483945307,0.2638782999672129,0.29676049777939295,0.5112091246877304
0.753239463218812,0.7287719063929445,0.4117813494033358,0.7168378765895621,0.7728983913757369,0.7464998390302575,0.12055554349931025,0.06010747687024853,0.13212585437608038,0.29297892058714003,0.14255955220329247,0.5596818844932655,0.4724579587516378,0.3305677940515004,0.8583065340842317,0.7622062346364882,0.875587041901142,0.8993333136786592,0.666894730297583,0.507087231197563,0.6414568475172475,0.742318896252625,0.26854314408453117,0.1813399554369261,0.6349655829449201,0.14857359051761104,0.8848522731521489,0.7642361307947936,0.6953649106082883,0.17452380401518916,0.557231788306197,0.7091120907139609,0.5380716712811858,0.38120036038057337,0.2728028408752375,0.5209919755564587
0.843914753599747,0.56467767440203,0.4741667040601625,0.6532695153945618,0.7914352598720961,0.7580170575897998,0.12009740747625913,0.061072150790617785,0.13677986909696355,0.29996363504569434,0.14717297593658185,0.5645151317777556,0.47303390957776525,0.31736264848684914,0.8592247336108113,0.7668470550145969,0.8776821113863927,0.8991414621924234,0.6763192580281598,0.511538592651545,0.707341176581865,0.6966475075362013,0.27531322672236974,0.19047631030584472,0.6110084717608799,0.16258344234250022,0.8302358206692797,0.8086393355624844,0.4648351214882505,0.30509884805405124,0.5361850165796906,0.7103325342586195,0.355972651871046,0.5023474493822578,0.2443246797532597,0.5202879185650722
0.7830164599012566,0.6394954411285845,0.4638402175923563,0.6658232908672072,0.7376249594614666,0.8096217437117358,0.11054256336768903,0.05188159266526682,0.13049734311866268,0.29169740726616855,0.14519439314337934,0.5563854126764338,0.4549998966458181,0.3070209300698584,0.8531076750994344,0.7588776707030345,0.8704355410411523,0.8909060628463004,0.6703199876417366,0.4877714525682552,0.6962229087175689,0.6969649515675699,0.2612413036320517,0.17939113266890816,0.5986390471672615,0.16939379483628553,0.8407850446999047,0.8378973610308558,0.1994080544181395,0.5653210797379525,0.565977626905381,0.7424654017078335,0.323526801290194,0.5664629026842256,0.3019602490764204,0.5314444351056661
0.8545997407505461,0.6055150330556862,0.42357277174934993,0.7290589979161639,0.7894495632225614,0.7226372236970479,0.11555694862278204,0.0562050565227733,0.13340357880134363,0.29722231065770544,0.15313424239342605,0.5635595518859073,0.46380651194781,0.29538857515237793,0.8530231780796869,0.7568845647433002,0.8711050265356737,0.8905431617397153,0.6641513712297169,0.5015273340789738,0.7169533236958233,0.5612954312515169,0.2727578630322599,0.18369835933561718,0.6359527818120594,0.1651863104413513,0.9126160999838346,0.8114221634357364,0.3493625129794373,0.37350765687618814,0.5928033952258096,0.7005487674456611,0.47060243612309044,0.41008350532831495,0.32708930689008087,0.5252386101648401
0.78842076157535,0.6272966129092147,0.402930037857587,0.7400180341042513,0.8013115438535522,0.7265273560922576,0.11197545859693131,0.05294523270057777,0.1371258413083153,0.2980785467459516,0.15263752957102594,0.5650117527916378,0.46506602955382714,0.2891943053227457,0.8593298217570079,0.7604524809161102,0.8771414513235979,0.897953839029479,0.6825466240517981,0.4985303153811935,0.7415397221567226,0.5744299668026849,0.28324660399221735,0.19253364792763517,0.623871323976339,0.1935850116182497,0.9094374479796481,0.8141408607951,0.33517936405345067,0.44051475719038047,0.5839374180857551,0.7026876659852459,0.45105423724145116,0.5043120365903142,0.32043112863818973,0.5205921798685939
0.7571277741687298,0.7328668015879999,0.5178833431849243,0.6653921368835057,0.7614195450289825,0.8294608199148407,0.10826751761994086,0.049004844778721635,0.13929142662249044,0.29625908441835513,0.15358044121232145,0.5618047861207485,0.4603755870011679,0.28756720767091226,0.8671409623635995,0.7668493092285307,0.8861171772485332,0.9085385170813538,0.690593503064124,0.507353366268648,0.7438508558250829,0.5824880651544666,0.293116430799567,0.19844963496911017,0.6316996422367984,0.16347288266402016,0.9062334570394022,0.8113594027665613,0.4718138876626319,0.4387666526474542,0.5779904325233569,0.7079227909604726,0.3753562754098806,0.44021342011829967,0.30716266980906803,0.5191985447383467
0.7303840065215534,0.7514235458359448,0.43357161541502587,0.712075040645075,0.7619884785646406,0.7297028801065627,0.1056061689179365,0.04815719731903978,0.13650015925608988,0.2964393449179652,0.15094565423253803,0.560899643555478,0.45943307367763364,0.2893190864091012,0.8713486980127767,0.7655547806976251,0.8902833362648598,0.9074531328544944,0.689816638813259,0.4979205746034586,0.7623125228647274,0.5766328475600448,0.29162214578074924,0.19545342777181546,0.6199756571765711,0.1932983189013951,0.9073317375933927,0.7645640822791183,0.5470243404718493,0.2688545918858548,0.5644346119219745,0.6973143998795922,0.5231184842388497,0.3919603343949482,0.28468430328830574,0.5217251049398257
0.7745902036721177,0.6722117042886553,0.4164316776082666,0.7274216803464908,0.7638388066287743,0.7329442575127709,0.10466712498133984,0.047074243954119965,0.1338971688587025,0.2945049994297342,0.14789579633728578,0.5590652231775256,0.44841364882954915,0.29087269818078976,0.8634261513652925,0.7611664853021478,0.8836690377330267,0.8983404328393503,0.6637226360161128,0.5047501155232805,0.7096602156164286,0.6654942599777336,0.28222508033038096,0.19364995566507437,0.6398024471457916,0.16728672520032462,0.8698891093675766,0.7861016258998559,0.46084510565077813,0.366077227533568,0.542037497970795,0.7069128158047555,0.28813160631466617,0.4705396199713242,0.25881845144585064,0.5190935514888922
0.8085517713940058,0.6356861691576925,0.41782559072763514,0.7211408243515042,0.7388173558299136,0.7412649822625017,0.10057303802791984,0.04232787862824505,0.13278351865439542,0.29535040143491553,0.14863287316818485,0.5579505155146136,0.4475838105550968,0.28315993163497366,0.8621240217978299,0.7617731326291107,0.8803139685803204,0.8990570945362341,0.6801809292804247,0.5038554557088205,0.7010945950824966,0.710505989512455,0.2945692580422383,0.20315558856159616,0.6324753312397446,0.20060724729775048,0.8576425193958337,0.779220908695542,0.168210101316764,0.6346623532304094,0.5388400693008089,0.725586485498315,0.4720935741008688,0.3885669660274247,0.28962492224630154,0.5388588503158969
0.78386453672047,0.6643175028647388,0.4691986276269605,0.6903843250749861,0.7444306836290611,0.7404950014706022,0.10305529739910801,0.045214685230412444,0.1368278742370148,0.2984853910234902,0.1494517502605553,0.5610383562093758,0.44603890918552336,0.29128808867644373,0.8575117155068587,0.753915148740665,0.8779049496889952,0.8855549634449182,0.6722400972485357,0.4970560356421323,0.7757467010884171,0.4959439641998189,0.2980256253867389,0.2024651697022481,0.6193339499921852,0.22439034732047636,0.9247727943678075,0.8258278466085299,0.4483922591524824,0.30051776769905686,0.5991139192865955,0.7057155629298125,0.5725952443364863,0.3355701941033946,0.33874983357378596,0.5279318048855243
0.816198365806686,0.6630445559401961,0.4571244733855936,0.7199574023152625,0.7486456997696868,0.763132930781207,0.10826118959551873,0.04689178471361527,0.14354001416755985,0.30342292052390335,0.15961298218699377,0.5694379760616397,0.4494765314099861,0.28395873778285546,0.8324246309980767,0.7173506249041348,0.842513837126796,0.8422673487013176,0.6715931512925728,0.4594430187070514,0.7003967787870479,0.5547933225958234,0.27664772286794415,0.18802602596610002,0.6833977896789514,0.16317325334281868,0.9777895373518072,0.7640858272950664,0.42771695202079835,0.41441060553054876,0.5950032076650089,0.7030445188716794,0.38922079765052614,0.42574678717426406,0.33409265037173747,0.5180015651787769
0.8053787612044021,0.6707092011868272,0.38359764282746805,0.7775743527842218,0.7433131413063632,0.7644327960329604,0.10749095897868383,0.04718987798808433,0.1464847629222618,0.3066454184152154,0.16555691213821572,0.5717500593358256,0.4595591263369149,0.2775287214377353,0.8409403132874615,0.7242278198917096,0.8538428782824825,0.8539257332650526,0.676118495487783,0.488085995509914,0.7927280306145161,0.4199980667670668,0.29571976400394334,0.20162927245013512,0.6545123364524017,0.1888034569050237,0.9713996191770412,0.7402045254726121,0.5658412844609141,0.304262719134324,0.6001914029889475,0.7069240982241427,0.5438603939448725,0.3482965053430017,0.33103619992532385,0.5171714176530965
0.7669420088224325,0.7680801273994569,0.48468892305456507,0.6799870315890606,0.7439623816601248,0.7824921241566513,0.11190163954382021,0.049300730465830056,0.14718132808278456,0.3036075576935668,0.160585231797505,0.571975538562904,0.45390389695531197,0.2878069749281972,0.8490279300170462,0.7390991289876643,0.8662325923347403,0.8685494223550458,0.6881690557842648,0.5088457552434432,0.6718821245987295,0.7211998687339616,0.3093808942582255,0.2134620128339757,0.6600148571808826,0.21456946723380355,0.9274971096862994,0.7829044664824321,0.2529431205747044,0.4175020269057023,0.5851799433258156,0.7061032306708501,0.5003543693891448,0.36396673179547573,0.31000991529335964,0.5141517947420127
0.705773643524662,0.7915341987725089,0.43676775894023434,0.7419346691618671,0.7533554364867574,0.7773306444988783,0.11381499045242988,0.05269635881196044,0.15072958971028833,0.30943343452254746,0.16710802522244383,0.580056211144524,0.4624082412853102,0.2916795924273825,0.8448905490496226,0.7359930077192971,0.8606176147580156,0.8644639874644396,0.698153300760561,0.512312632903497,0.7898276342733211,0.4743150980034254,0.3088746389669613,0.21546832929824655,0.6610179447396768,0.2002719175851792,0.930654546045271,0.6728844310994111,0.18187467430879062,0.5715608801282108,0.5637931767097516,0.7143717122832383,0.42961383770868394,0.4427212377977822,0.2850666118212921,0.5121015554528219
0.6737094088233082,0.7975208357165482,0.4468764746618802,0.7381630846915691,0.7821318766235303,0.7202855350470139,0.11839871752793135,0.06589961477146694,0.15084624940924596,0.3204836555571885,0.1705344244263014,0.5829569677976085,0.4634986142770037,0.28828420275415995,0.8578985306361937,0.74122567890852,0.8691556637835588,0.8701450504456262,0.718374874031812,0.5346524343952092,0.7755874625736698,0.5951439331242299,0.3249464239225862,0.2330288585723133,0.6753776784790227,0.19486635806457148,0.867922481972347,0.6829276677967094,0.4543458415357786,0.3456528163867232,0.5371388922916177,0.7262320640655969,0.5247099811022434,0.31578236405522725,0.25586593251222406,0.5111722363887888
0.7157037575256386,0.7493254331340431,0.3986582811750423,0.7625229545202739,0.7662633280075483,0.7472859983360949,0.12159561182519407,0.07011032469067285,0.15359008049662487,0.3249771825566048,0.17893568302516083,0.5897312213046852,0.46560064797042056,0.28713453318886384,0.8505655480545689,0.7407284567347368,0.8633249325269203,0.8613759896565205,0.7091264800364558,0.5323926476278614,0.6701203003928895,0.7230217597594468,0.31801748966371607,0.22134756306443104,0.6880780914050327,0.19645853561235804,0.8938503468772666,0.7454490715960476,0.5005371542788902,0.2703680122323726,0.6021013134574379,0.7229290162252543,0.3832813368817406,0.45501943861872085,0.3289264391731447,0.5225443960541959
0.7874255735088311,0.6536750773850284,0.4422832433702887,0.7280196116662506,0.7911259026120643,0.7293048547474876,0.12561649360707783,0.07533424143861228,0.15849201840947896,0.32550702400612885,0.18234123709925065,0.5890710306734201,0.4635880587547451,0.2956368432391828,0.8728407546061403,0.756055918658191,0.887181662767839,0.8890320295839835,0.7360814291840437,0.5672298507202217,0.7672776253508199,0.6897087361576215,0.3548991712889996,0.2564513943526132,0.6644554003844363,0.23477318839710487,0.9295965889003003,0.6962142573312683,0.32096295322029883,0.4440550265328966,0.6076973205034142,0.7039320489495479,0.3175101181790344,0.49083421448487685,0.3358026059038475,0.510625637139676
0.7882077627595631,0.6528903430052979,0.4742202873965349,0.6878866819971708,0.7531524754907973,0.830794963006837,0.11949512173011817,0.07266333341285064,0.16002991243768855,0.3278708820388619,0.18664365873306737,0.5906605787144843,0.4597894682623793,0.29259449844206564,0.8647683034099474,0.752111145212778,0.8804506132860377,0.8832848353853753,0.7359661333503151,0.5538514190328429,0.8062525618551344,0.5193004900338918,0.34507441257117666,0.2442674264873877,0.6644855868367585,0.2333966324105678,0.897145659926375,0.7257136959463788,0.28159430066600155,0.49300953381886525,0.5960799234406436,0.7102809725902199,0.6190816620920062,0.2831179119104664,0.33706475262856606,0.5006591562738909
0.7099509556115018,0.7395941124139709,0.4104201773896493,0.7574387558580141,0.7456185606010861,0.7865909213117448,0.1245433956920573,0.07457342971853309,0.16063651165050707,0.32799353233650097,0.18409452554079175,0.5875858993747268,0.4679331647288921,0.29296475080853573,0.894876451539174,0.7745677050170361,0.9152064952803836,0.9253671563825883,0.755121978080343,0.6028027883979279,0.7721159570011251,0.7501735815662965,0.37573705198478785,0.26832717786619065,0.7266218894586696,0.21059026170213296,0.8887811231694571,0.7262907848116805,0.46870516353907654,0.4255702172838584,0.5932020945347118,0.7075099599906547,0.3201141407425532,0.47017267431630433,0.3189943702453139,0.5001905138405685
0.8065279702214273,0.6255243671462973,0.48568502161475957,0.6975790878001308,0.7648191460215051,0.7565662832830594,0.11800308085696765,0.07236256850168049,0.1576112994481687,0.3292793475153478,0.18734910267343724,0.5891753741055197,0.4581060778404119,0.2789827706151144,0.8849358801033237,0.7700838903227702,0.9093472424660597,0.9181407102624592,0.7560567391028126,0.5807993732897775,0.7283222977528198,0.7394963898874585,0.3643341361310636,0.259116152775532,0.6835788964857125,0.22818126447214865,0.8630352031477446,0.6936137924672535,0.4644091120021473,0.3205981334964749,0.5825893892505359,0.7174388546029493,0.6067709410841654,0.2745303396970504,0.29246419683350877,0.481468473691956
0.7345165853038153,0.6957078724753608,0.40136578384055693,0.7558483132706647,0.7429188550111668,0.8275132527408167,0.12376851087121993,0.07383785608769561,0.15829409061323407,0.33074355709557673,0.18981817589453032,0.5899327455806654,0.46866120038013015,0.2835453128324671,0.8847586018666882,0.7701905930513513,0.9079189502770539,0.9190855185052589,0.7464233840472252,0.5807354605462582,0.7584235795987522,0.7423058764263106,0.36052066915249614,0.26188693652166467,0.7130460157904465,0.18499970988181608,0.8431972424414542,0.6715489657861244,0.42970735844759445,0.4090303004015763,0.5628743737080065,0.7230329490381584,0.5167731092499803,0.3638791499043078,0.2638697324608753,0.48566443849835955
0.6951259141429806,0.7176385379341326,0.4154053665891496,0.7555004457907779,0.7607290703534512,0.7763621394870535,0.1215209371004981,0.07477522477609988,0.1571559429594221,0.3345832271641742,0.19257072730791186,0.5907841068487386,0.46176737517650596,0.2921760849247318,0.874342076577206,0.7567150948635355,0.8938474523029901,0.8965399301389407,0.7377777973027334,0.5740433239203112,0.742104658460705,0.6958665242885245,0.34155111034103597,0.24254725463697324,0.6820374170139196,0.20742565907898075,0.8920876804788502,0.6732882303791203,0.5793797452193329,0.30831349633685406,0.6211773107953633,0.7229299412554869,0.26873238833703883,0.6171059443919419,0.3301903280289153,0.4951989810064748
0.7549061971422435,0.6365855477660372,0.5122890686114869,0.6798357105777119,0.8293882264299941,0.6879849162210255,0.13240713687734562,0.0821003602497617,0.16344110306165394,0.33915000801179235,0.19817778704274475,0.5949301887400799,0.47513796424451,0.3029936383084972,0.888847272896031,0.7646370743633086,0.9069486089564474,0.9100155003425656,0.742718169581607,0.5945325177726004,0.7674838676791955,0.6998341711657431,0.3616040406454187,0.25687658945017683,0.7051602369855737,0.20240811049944224,0.9119744646611152,0.6947835463637437,0.5259028206190058,0.35424400523543764,0.6272126851838626,0.7018077220522712,0.3289028234625647,0.49598189923063435,0.34801786161703435,0.4842111374290146
0.8344048784465274,0.5804463045107876,0.48971895577623975,0.7324464056355555,0.8096537242733458,0.7264675285977351,0.1269775104681552,0.08013342766582837,0.16626998889830752,0.34029646733098506,0.20324323501244612,0.5969853489919624,0.48198871555213885,0.2926593904904933,0.880694377802971,0.756209357571997,0.8968443972428238,0.9007485775482764,0.7415377962561012,0.5822573588528553,0.8395540839510052,0.5904729982477387,0.3536546150347651,0.2527844700414901,0.6698297309966171,0.22867516221265816,0.8990558393069012,0.6987338936442093,0.5721360258930374,0.25826412787180303,0.6389954679314118,0.6912980260006958,0.3406399038111166,0.5482950181730896,0.3436836186922043,0.4816442197319784
0.7892066925136052,0.6143960008277298,0.5282696610311016,0.6652183701481702,0.8077011269625118,0.7330786119546833,0.1298353138709038,0.08059122284828152,0.16620412612177043,0.33720346973550497,0.20362225387863592,0.5946514573382768,0.47260070849345803,0.2932707634460272,0.8763111153024433,0.7544767370623491,0.8959496989989197,0.8959146131132494,0.7419015365392478,0.5652595916944805,0.8328586651681213,0.5216724621294284,0.3467065538795233,0.2464045106312946,0.665925507638988,0.2582847686096109,0.892599479637259,0.7026054580918385,0.4793862494819313,0.26151684611447457,0.6205129281240215,0.714946238807594,0.459996028909265,0.44416825107654934,0.32697949955721994,0.4811454436145446
0.7521227920970922,0.6584079471782501,0.4168105666700155,0.7766967123565207,0.7993163994391114,0.6985092047348206,0.12406829594447227,0.07814954546509872,0.16071278377862597,0.3372396721238555,0.19952385167901154,0.5936237335078755,0.4629008746087633,0.29411095432110035,0.8705902218473665,0.7496402067967943,0.8883977205481195,0.8905614479813133,0.7248644595197031,0.5544891498577119,0.7184616186748054,0.7539234279271639,0.3382119405953874,0.2388484483388753,0.6959537178196111,0.199317777218588,0.8953686533970142,0.6686149021942226,0.6005877479521362,0.275929995016596,0.6111173358933673,0.7042730142609611,0.46855536739999004,0.44992759928525367,0.30659719796072954,0.47374065935748993
0.7283261280905213,0.6854736115578638,0.4286918996367508,0.7651081317996671,0.7956830711762864,0.7452217214895698,0.12421790158916896,0.07718852790852126,0.15919626191448188,0.33517921346117374,0.19758760574308215,0.5912952311089027,0.47063144888791253,0.2834958050599789,0.8717971880309536,0.7486068348515752,0.8884120405463289,0.889561031138984,0.7216529804372616,0.5522192385188187,0.8133781182078655,0.5437515271712654,0.3358260171807339,0.23899662720047593,0.634557653869189,0.2437916018997065,0.8333925741031787,0.7272802532873088,0.34329174286479236,0.38318907145042164,0.5780426678794718,0.7202565636388563,0.4553354282887346,0.4920492401589398,0.2754606239042308,0.483437018748767
0.7049243041744427,0.7129407680769203,0.4673849911483221,0.739023891907907,0.7695426527014924,0.7741018318623791,0.11910480356346576,0.07437274485467876,0.15289063602403624,0.33060585152946476,0.19147125324561992,0.586852632063132,0.4582884715044887,0.28936304377910194,0.8643788463756247,0.7322705935099952,0.8760702956856734,0.875600773342113,0.7032380578825521,0.5391578882977973,0.7055627511915188,0.7722049665346378,0.32715608096338405,0.23298215245600146,0.6639303639068885,0.23256316157822238,0.8781887295882456,0.6900027774271189,0.5569061329351671,0.2891225595919728,0.6282211684093006,0.7143300939094679,0.28877981986141965,0.6130701543865809,0.33477495121240847,0.4947761092460365
0.7664125084795402,0.6586632285035104,0.4322002894871859,0.762814556337803,0.8260726461529002,0.6437567474559686,0.12445736215101821,0.0768160720352083,0.1580600792362184,0.3324088635267767,0.19609258865878249,0.5910587553953774,0.4636897852234495,0.2859438002063833,0.8629071022478727,0.729320918089513,0.8739084642135687,0.871508498526153,0.7207093416612809,0.5386439946869507,0.7804186646816732,0.656983466173549,0.335699576820561,0.23749030518610348,0.6558402427865219,0.2353103275365161,0.927840191674345,0.7273551667537583,0.5015038862647277,0.38320903027411385,0.6614139315721863,0.71297791087682,0.29503905829913823,0.6457774899445476,0.3795840728491715,0.4938290319780452
0.7656819702561197,0.6814480358520529,0.4542965660489988,0.7496057141713958,0.8124541906361162,0.7277422678077734,0.12550613955991669,0.07599430845993521,0.16127940906104538,0.3339150744102464,0.19992941506626305,0.591910423129985,0.45851921405348683,0.2816782663247607,0.8603251261619939,0.7262102411217947,0.8743255364496636,0.8687032544110502,0.7136553627997011,0.5205502472429592,0.7614309110407534,0.5485524559710134,0.33331686520153864,0.23459627435873648,0.7229170381211909,0.18745126225979525,0.9628963556607735,0.6858721658525554,0.3540865265046616,0.39612397634624796,0.6702755072538528,0.7013581003635324,0.4151150099227148,0.47082460162593076,0.3819675530853026,0.47758299358559597
0.8626536523150012,0.5344818340755065,0.4620709998770709,0.7285941026563261,0.7615319290784242,0.7902795436404179,0.12120040490527373,0.07391277550623432,0.1603179226466515,0.333450215116048,0.20041745977875275,0.5915563625808392,0.4517243688121265,0.27383937880928577,0.8577485243837978,0.7208239418617413,0.8675682450154946,0.8610808013387439,0.7173281652793814,0.5305819319326293,0.7389107363699247,0.604217067628251,0.333845303486518,0.23623130426063282,0.680398514323164,0.23172144108739678,0.9613869546564452,0.670944424581664,0.4560236622708903,0.2865415786443634,0.6721393761390282,0.6991881825177002,0.4051596309228813,0.4555067955076151,0.37797625406931845,0.48209309913250736
0.791529374474854,0.6137779796356116,0.4675648868331453,0.7181351616094891,0.8150197368217936,0.703338453527862,0.12404678790059681,0.07354310750491078,0.16184197316663962,0.33356454022780135,0.19782961508702807,0.5911339935548533,0.4535089481504178,0.2784104617545138,0.874152365732769,0.7437778726839614,0.8895375586071104,0.8902122845212834,0.7366240720408466,0.5497858650739795,0.7513787816128553,0.6526996667356741,0.3593112346799563,0.2526874135668267,0.6627472023948927,0.24749986809858324,0.8952894365446151,0.7458173702814589,0.4942427358289585,0.481245646960505,0.64871296218732,0.709989462400588,0.5514414560626146,0.43002059277693866,0.3593636092193466,0.46920902847909285
0.7919311536446382,0.6191075183495146,0.4647974648452019,0.7038799375513226,0.7679352347576665,0.8394465900411732,0.11758801701451693,0.07201773344144985,0.16112897256093417,0.333903969722051,0.1991026302845706,0.5910806581782867,0.45624927512740765,0.2699418328426883,0.8702065297639912,0.7396149555880696,0.8838905179757253,0.8837180160767992,0.7205292824298689,0.5571414799602329,0.7954327429708257,0.5575728814309404,0.3529823176844352,0.2504347266883781,0.7029765496068009,0.21362180170184408,0.873201669364384,0.7045888129905615,0.6187494887640653,0.18014427043610792,0.6242511806458589,0.7117757013286612,0.6663683790360555,0.17540392109428032,0.32883862050247575,0.47227212352751174
0.6713155563544841,0.7771197619323396,0.4130617972425167,0.7730245675070446,0.8009676502600461,0.6754013630299145,0.11850007547970443,0.07130358504652778,0.16282483191527986,0.3342872111795784,0.19965884211953938,0.5907211432011186,0.4481753920180701,0.2752263690020492,0.8636769295761001,0.7338588215279112,0.877124677179963,0.8742021588457458,0.7133974679617835,0.5402929374870072,0.7674380954690813,0.6121249508093796,0.34172939403858105,0.24437968157795253,0.6506027884275045,0.23476395885043572,0.8213421832242933,0.7396797517839329,0.5686010094531717,0.304068772114581,0.5976483061085683,0.7137722079223352,0.3912177157576332,0.5173352573287024,0.29822782742448584,0.469877896257476
0.7224616362512567,0.6474017104895147,0.4582495441822454,0.7235290735670726,0.7678782375612059,0.7258323853004492,0.11931070001655825,0.07181093998162263,0.16184900305715266,0.33602247234923077,0.2039346870273851,0.5945396594814373,0.45162858362575636,0.28338964628034125,0.8701588307338258,0.7378113257928983,0.883180717259415,0.8799904175649591,0.7167706410041402,0.5603843447268947,0.7862206082972439,0.5799472105599518,0.35222631149189776,0.2506219298918184,0.6665754603091073,0.2490337436120165,0.9037577399472221,0.7117763743710077,0.600746059082518,0.248138022205557,0.6804582476952257,0.7061592634875161,0.27638296275954377,0.5277697139153428,0.39187694442907783,0.48288163129212286
0.6957375963707342,0.7340778160094145,0.40546839323917105,0.799190149989655,0.7531645262520218,0.8639540636636461,0.12149618413423896,0.07649641720351152,0.16390347425506185,0.34229382800340746,0.2088227857054607,0.5966906652287345,0.45099015124162656,0.28602812312394266,0.8719422221251993,0.7394342517126564,0.8869739577116702,0.8857258423463059,0.728592651920995,0.5609133279326434,0.7329921398352229,0.7496553964714037,0.3623469114526969,0.25623480361501316,0.6802079617963864,0.23191204877347565,0.9207751068034223,0.6955165354746101,0.3764741106833165,0.29410585359642,0.6872485291762048,0.7012017981774015,0.6265054193070223,0.34530337491040786,0.41048779783993694,0.4683136531171002
0.7377434068949006,0.6595728389310325,0.5297612956367879,0.688894095826873,0.7797468216822938,0.7631524214365549,0.1156149657576298,0.07346097186619766,0.16742063547408076,0.34107701136540136,0.21320405189247688,0.5973164005097943,0.4466932852651219,0.2736843393363542,0.8621534004158411,0.7274820874993386,0.8740121982684101,0.8716867953200321,0.7251607011126345,0.5519641070409704,0.7196604936279324,0.7155857372345671,0.35522114132610894,0.2521249928163555,0.6877292445903931,0.23625356677046755,0.9130884889045641,0.7219625930696689,0.2533649375568302,0.3940050811386031,0.6765365744869895,0.6965106884703955,0.3379268474455088,0.5004324447232074,0.4031215466021823,0.4599629146465376
0.6745517293696978,0.8256632927072399,0.4612391182412101,0.759839145377605,0.7881480525409362,0.755106252917686,0.12006655671357686,0.07615273157624486,0.16721325536562764,0.34373845738082637,0.2127527145231507,0.5950773208602366,0.46380914964844505,0.26804225182490665,0.8813760746984599,0.7470755397811375,0.8942167931231595,0.8943252279312917,0.7436046109030277,0.578301514698342,0.7758618795234898,0.6900053345456434,0.37844509526095027,0.27223701813825374,0.6910142349486684,0.2335400069320953,0.8937649490093378,0.6941798035428907,0.34131565518766305,0.3123152738847522,0.6701744420922614,0.678296519965266,0.6485353857270306,0.38608033398331687,0.38993123994269635,0.4514212126949228
0.6313984074196628,0.8155040517946556,0.39148658663890984,0.836200083985756,0.7615466766112016,0.8042249933740651,0.11862826198605814,0.07432996865297403,0.16761920071696546,0.3461402305974739,0.213866640252651,0.5954227577240729,0.45511703551021226,0.28159522571138784,0.8800739486615501,0.7483361556543928,0.8945670147388007,0.8882000409868082,0.7449295062260847,0.5867977744551446,0.7752761868851881,0.664564186712064,0.3836694191543589,0.2750366444238264,0.6731469598295693,0.2759739107842023,0.8432857340888673,0.720119641043689,0.34831545079296994,0.4811205956730581,0.6405607441854813,0.6944207380039964,0.545167263424944,0.21455226035247013,0.361782849453483,0.4482153727274012
0.7153394953771901,0.6882466074864401,0.4570594587366156,0.7352511365096038,0.7844055914819069,0.7494955982968271,0.12039151158724903,0.07493881635422872,0.16686376482735693,0.34527664008771286,0.21607383044282713,0.5966025106549107,0.4545225334213224,0.2765177652279731,0.8797075471710039,0.7526502398456021,0.8920147625023724,0.890296461604895,0.745024714097541,0.5879874468336932,0.7380257307477972,0.6612661964692388,0.3821837774452981,0.2777040281861863,0.7289146934082399,0.2243455047802687,0.8412611020133066,0.6222032360814023,0.5451287196234829,0.2947090643356876,0.6235574743047511,0.6788790154395175,0.3888074562875946,0.40811517947695,0.33206273935559805,0.4400388934144523
0.7269275391674848,0.6148750100660145,0.4666304490701232,0.7181778227915387,0.7638814853044948,0.7868273399692971,0.11689308044183644,0.07537550403033388,0.16443489893536056,0.3467484847310723,0.2165110088841704,0.5955917999640887,0.4502579330523806,0.27686697385109005,0.8798690529795259,0.7565584403196783,0.8949554286346956,0.8925856634195002,0.7452469944846657,0.5943636779590804,0.7341482142847024,0.7888830510953793,0.38240922314227244,0.2820030586896358,0.6878835771461853,0.23739528409187208,0.7818442704371054,0.6863145493726772,0.42856628567819666,0.3343628788061667,0.6056011071412278,0.6752160798972362,0.5475348493889063,0.3256344975453237,0.3309959447968997,0.44327065582345004
0.7423918316501976,0.6425751939250742,0.4410280809189068,0.7549851938529364,0.7933958237299361,0.7500736393999975,0.12066881980760075,0.08233398100605677,0.1686594741229817,0.34985282463610357,0.2233040362567344,0.6017011845891206,0.4573353664484283,0.277066804789741,0.8798884334191199,0.7469612821989604,0.8913768757854096,0.8857812206527371,0.7331248902658094,0.602186894696042,0.7266816390586309,0.7055830870481911,0.3926431304187443,0.2879765340065211,0.7002038968485437,0.23073981752025252,0.835099494040191,0.6919716340787843,0.4870617287156801,0.29780166858621315,0.6730318118248726,0.6768821988830239,0.3091079581289102,0.46901131136066404,0.39341117054659025,0.44416784590289066
0.6844780741803105,0.7495438095930907,0.4474400580994261,0.7494097735953352,0.7768271431331791,0.7790787646472268,0.12206828795867469,0.08052760331267306,0.16936856055687327,0.35036956582740947,0.22936920034626618,0.6021180950449923,0.4544171794737161,0.27653037217510984,0.8722722583338585,0.7124823471217663,0.8730878937615996,0.848415641656537,0.7322461332615435,0.5762456014114306,0.7687841048534156,0.6699537458810654,0.378018793900446,0.2756872708323679,0.0,0.9090515778148063,0.6896605539485681,0.9662739854985118,0.36490315959083275,0.45198265700949963,0.6459097772086602,0.6580207985940724,0.32990437388226707,0.6586457920863804,0.37751348490963865,0.4064469393283855
0.6357673593675868,0.7659982222359909,0.4072210127664887,0.7925343609318104,0.7978443072300628,0.719850619586557,0.12186680328280797,0.08068632694143912,0.16868033663017745,0.3501859810822112,0.22814661876828185,0.600428743042963,0.451155497120068,0.27287584361322736,0.885098900113801,0.7492915507440417,0.8920774276001218,0.8882657492593529,0.7682485720448435,0.6085050503954786,0.8581941880622572,0.5717535309377332,0.4071004880514991,0.2972650645038637,0.7145457231309844,0.2383705266348478,0.8267793293867831,0.6417077201982714,0.6263206924256092,0.2230646499611995,0.6482370516419592,0.6573296704780803,0.5470823517466072,0.3140624678567996,0.37612914046289564,0.4223858882576054
0.7177375594515769,0.6850076096395028,0.45492793883268545,0.7528731937304223,0.7649019437149633,0.8132822124884167,0.12666707103023195,0.08498674067336331,0.16902412353234425,0.3514602458319117,0.22701149412383714,0.6027704649900949,0.45590527607435444,0.28169187216894426,0.890224076422666,0.7588284389923777,0.8977832987437797,0.8972685501830358,0.7593409940775295,0.6140745063215564,0.7887066866380656,0.7284633675896328,0.3987137882740951,0.29165235784741983,0.688051607084366,0.2639452746597001,0.7810254241178599,0.6961809720800554,0.3295924488918563,0.42643923702142184,0.617766083555536,0.6648121103696629,0.2964354929482387,0.6371956903626341,0.3531151822416852,0.4140383667151562
0.6816513743629783,0.6871554933458173,0.44135007223468903,0.74376041063257,0.7909935101578051,0.7871138821556949,0.12632444271328735,0.08427024468648991,0.17228055770182987,0.3549115744674607,0.2308587243102337,0.60572843594752,0.47119905263107004,0.2800990177287477,0.9120749996403745,0.7826899178037896,0.92162128484711,0.923500771316176,0.7803449706983323,0.646532139878667,0.8545569813979259,0.6378630844725482,0.4136078465629025,0.30430650845537116,0.7246547985230526,0.241231538927229,0.7486139825737397,0.6644079636788474,0.6399449671019192,0.09692414232899044,0.601520940379892,0.6527055508098671,0.33531066204428317,0.5480542938357572,0.321610845561514,0.42287139683324565
0.5542658796043994,0.9007117910112361,0.395789783004527,0.8078972165930826,0.7883456728459706,0.7455356028414397,0.12595411892466812,0.08528401800370422,0.16812892181934697,0.35363895100556164,0.22706053744569415,0.6018924501806698,0.46696647099388,0.2949198830027122,0.9066229160285362,0.7802351262094271,0.9198961488428365,0.9231149118405195,0.7551813379703137,0.6244002727964335,0.7538000856451821,0.8542445249601214,0.39157759115035473,0.28621671078241784,0.6600470789343422,0.2422147468461576,0.7362023074214987,0.6836240041385605,0.5403730281425092,0.3135474925912201,0.5750486718198542,0.6485361661924233,0.458805677105842,0.470216866677511,0.30184761177845587,0.42903920673987156
0.6149532023818725,0.7483502920967077,0.40533392011372704,0.7785304248849378,0.8035760746095991,0.7546780238944547,0.1255069851829716,0.08676574479464566,0.16797338446976745,0.35744648969667364,0.22914831472567265,0.6041929665992515,0.4653761603738333,0.3022985114120226,0.9057710355412909,0.779853802361917,0.9208875285568171,0.9233489993689733,0.7661741245882168,0.6296390295559222,0.8035506047519723,0.7245805251288508,0.3970432971995552,0.29107994774272594,0.694214121182424,0.23297078009276423,0.8265215143469353,0.7106024620951764,0.4133395044148617,0.46690423902235006,0.6565526382354999,0.6544509705269335,0.3487106634703835,0.5993679399383125,0.3891220156673136,0.434575803681944
0.6547974842727149,0.7786307458073606,0.4180349392790762,0.8013191775048889,0.8126405563959589,0.6997555953435497,0.12429584313812331,0.08480520261492908,0.1691363829431906,0.3544599785634831,0.23205895864169845,0.6040597130206264,0.4654513054622441,0.2921810694869071,0.8987899830306035,0.7690387114195848,0.9111100503242593,0.9122934746116749,0.748652995283833,0.6037099772527044,0.7367881086234592,0.7219877027160457,0.3867938436377051,0.2795723236906539,0.6941404363446221,0.22588976024158064,0.8369906035182468,0.7231216887999552,0.49143492755498175,0.3038029518505884,0.6411557719973403,0.6405924148781029,0.4967432854881681,0.33688827769460716,0.3837469672638955,0.4185958292311238
0.779569986905028,0.565371129787665,0.5126341488433526,0.7018384255922813,0.7582128078478334,0.8204943882750348,0.12070065807242464,0.08182673888704606,0.16847884032184302,0.3522903603669033,0.23076663971917544,0.6046312528196168,0.46643665574269344,0.28510977714060015,0.9034763196331794,0.7735296831109648,0.9176083995378683,0.9187977654782342,0.7607422606988701,0.6137621181174711,0.8746300871891517,0.5842471546972429,0.397377990226081,0.2856297194464162,0.7016447910097996,0.22085947709995146,0.8244090217224349,0.723891126726623,0.2506959944332613,0.4448814122739973,0.6338877367024008,0.6486531945556953,0.3180297767011429,0.47254844140968333,0.3830756766874918,0.4129134881960737
0.7529137955594631,0.6581507614732879,0.4790989229643734,0.7323989154808916,0.7944377439239071,0.7643799617060135,0.12092426848736804,0.07999135817841857,0.17014862686328558,0.35235427038024103,0.22862133340974022,0.6022428596883148,0.4653571644989244,0.2943471280352207,0.9193674952565505,0.7832063345806118,0.9301684065781843,0.9376918896302555,0.7554396051092753,0.6269327932179386,0.7867253908509961,0.6824726653780037,0.4053059515994523,0.2914005853752797,0.7404092378905622,0.2131723652204373,0.8345011316848107,0.7136439055052577,0.3917127053324897,0.43034991912156567,0.614108458232486,0.6380178058288338,0.37449833372016417,0.5138754631788215,0.360196591174713,0.4099843750271901
0.7659848134305017,0.6059190422297746,0.5116782452653041,0.6702774165504786,0.7930595116125676,0.7215368420597356,0.11577637321697454,0.07643613401328858,0.16633874795989323,0.34811787101482466,0.22184262016082734,0.5989255686857277,0.4566513500808537,0.2928574576881554,0.916693382261062,0.780225619442217,0.928480830305382,0.9343237529855993,0.7594502566906967,0.6179933552886389,0.7993593754855443,0.7150651016392923,0.4024295614457417,0.28996864416265317,0.6754659362511013,0.22735048843931732,0.7798081150583357,0.7508375473041996,0.281640230163524,0.5393366382427148,0.5918613894253405,0.6322953237966537,0.5606234272102166,0.34998476351942426,0.331299364904409,0.40953030755308795
0.630598168345121,0.7414549476249548,0.40442155967783233,0.7823618042559097,0.7841835101360471,0.7374762607110965,0.11334504169753806,0.07426250718072974,0.16359834057898542,0.3444290898591593,0.21494673045903512,0.5965682799788551,0.4525762712193489,0.29527463576445256,0.9203226468167987,0.783345335262708,0.9335342525236257,0.9363267360120298,0.7549989649395934,0.617133363164366,0.7803358353391954,0.7074132586793844,0.40191521345398584,0.2908709357577065,0.7046299791885223,0.21685736714586468,0.7701751280771872,0.6996310858141636,0.5093699692298748,0.4231440618850622,0.5586773601583545,0.6468267897445691,0.36341195711034263,0.38963192460914675,0.3004419554255757,0.4063294388543689
0.6271424013186458,0.7823367302161967,0.3486912576132112,0.8370937286127453,0.7436323766662501,0.8190950548159742,0.11763352646618985,0.0736460864409994,0.1578581660762048,0.3437911079588457,0.20945408043574748,0.595995607203869,0.4627252848327329,0.29575171871956624,0.9312930114408426,0.7892072391934839,0.9479456547426771,0.9526476962813843,0.7670915427572532,0.6380395113143025,0.8133441714829419,0.6670758315783285,0.4142719662288829,0.3002831537581889,0.689656528634429,0.24692728550191945,0.815240618576058,0.7653905513268481,0.3468015272843158,0.4536030971078628,0.6444085896071934,0.6295758256431966,0.29684385995876567,0.5992359940666583,0.39374911670397983,0.4217698575520305
0.6843398483757513,0.8000464220264173,0.5163644608840228,0.7190931234527493,0.7887480592589687,0.6988812773436555,0.12207921597119031,0.07756299024732632,0.16601520406228543,0.3475598820327951,0.2203197782121868,0.6010911438683252,0.46723206039422993,0.2955048596138803,0.9189740697968934,0.7824178696187842,0.9378211110827779,0.941007647184662,0.7697711083198931,0.617502156121361,0.7231170857761614,0.8407162476218041,0.4138479385073412,0.2971003378248925,0.7224249922030255,0.20248596188367274,0.8745971469899154,0.7538200616887667,0.5461975534007264,0.3319106891842301,0.6478136255049592,0.6257968537017338,0.434516233223974,0.4568032913170025,0.4153254800694503,0.4040276484916035
0.7660738238849905,0.6805166096047799,0.483806729726284,0.7341537159867388,0.7481428784219123,0.8293086700813171,0.11473040641249038,0.07377323605720004,0.1662691223773296,0.34695036371073606,0.2208685389916224,0.5989711650148373,0.46257572250348855,0.29390240543326296,0.9252470071231278,0.7847829771187331,0.943294803732692,0.947960911893089,0.7616166028604874,0.6260227519855671,0.7969103511414753,0.7231998136830468,0.418626698664615,0.30202384551666095,0.6706592428905956,0.24298494573209162,0.8823773086823855,0.7443434796675936,0.405811398404365,0.3633019683941979,0.6299588336455882,0.6188685998483022,0.5641849829505641,0.3741826461534252,0.4067240292063107,0.38667032960464504
0.7624645425146249,0.6490192138026385,0.42401730390664893,0.7894072096212804,0.8032438954986778,0.7047846356156503,0.11816111383971534,0.0719474989375039,0.16602084032727676,0.3403426616737295,0.21716958536015057,0.5976478885661102,0.4695489109090005,0.28628553203068474,0.9220043697741972,0.7839342171737067,0.9395114787472475,0.9458906570709454,0.76757671978844,0.6116439657471199,0.8052252079610795,0.6973142633709961,0.4160100361639604,0.29291465090935553,0.706373886631649,0.21304663764796294,0.8639458857452331,0.7478221197952681,0.501089810589394,0.2159063399198003,0.6216105533201064,0.6138893187710448,0.45905737546498415,0.45101666125863793,0.39071723603709074,0.3785209829711621
0.7762613003762269,0.6560721429980524,0.5181962908281198,0.7055903346659979,0.7464831555948973,0.8400305262352568,0.11657239576633499,0.07311561669333394,0.16838771842718936,0.3507511771654325,0.22384123942946788,0.6034780501029734,0.4655729922954305,0.297669551961887,0.9167547197568324,0.7831883599565082,0.9343262876119031,0.940271596736381,0.7723632896895197,0.6200448681644958,0.8343456058514277,0.6249348532654628,0.41816654165785,0.30219656332478584,0.6864695053562604,0.24652012318301916,0.8549257919467014,0.7202722385804148,0.47517243660355973,0.43394980202389377,0.5947882707625879,0.6207340801714378,0.5290569135842813,0.35635018394384543,0.36346177177514255,0.37578256221268924
0.6475937615388069,0.796090415476105,0.40990661621551466,0.7928404465569662,0.7969506772410023,0.711005274499699,0.11671024023958243,0.07324174668358041,0.166426808187915,0.34563940864211334,0.22013183493540261,0.6013332171219661,0.4626803506854128,0.29066939382023604,0.9171064305258216,0.7841371806505658,0.9374630580588297,0.9404636355185632,0.7661202397392632,0.6161609274857768,0.8710535276781186,0.5465784419804597,0.40593246850934306,0.2915998282386219,0.6491397423008916,0.24374950962034653,0.7946395444147298,0.7434042716074939,0.5012043066969213,0.27336839829964865,0.5804149755572006,0.6231270963681741,0.30771469025185194,0.5532376274046378,0.3340391683949393,0.36991528811897856
0.7747540024086679,0.5729874950898896,0.44018824665044703,0.7269673226360688,0.7682743369317383,0.7647383300484638,0.11350719436091466,0.07317228601645265,0.16581399489741327,0.34785811272455697,0.21933616978143317,0.5994121780202748,0.4595157570987133,0.28606983851869294,0.920675556332091,0.7874055121684769,0.9405409069020363,0.949212036532321,0.7735858127365053,0.630431267075743,0.8510010368349505,0.6063785469722782,0.42169286873243367,0.3058144434436522,0.6878986813496438,0.23522607374032706,0.8057269602855237,0.7188502842371356,0.36085194171719276,0.44985271878866095,0.5821901476659821,0.631787196822916,0.5285335342639811,0.3169299012275285,0.3617153495336068,0.3862657068111014
0.6419856984376926,0.7540023124396117,0.39939922093755786,0.858230942935346,0.7847405218967985,0.8096045393616551,0.12578404307562635,0.08473935855063158,0.17888158463029313,0.3640088279791725,0.24180373400328592,0.6134384608571469,0.4757253827104857,0.3072841303422214,0.9201883822327837,0.7886385462924916,0.9395577907937767,0.9441722850588279,0.7800088326695171,0.6535376525159274,0.8535789534889036,0.60618128030639,0.4281238726088554,0.3088727681209592,0.733259244566663,0.22123498231114747,0.8924952834799029,0.7211990062568053,0.8111645824051483,0.08024127675441323,0.6432761392924631,0.6088415751593106,0.5763905582280233,0.377480398970036,0.41876717825300014,0.376582278271875
0.8483832293825517,0.5633053591345664,0.524181263547464,0.7196528449314825,0.7756346126797893,0.8089542484065498,0.12630391238452332,0.08381436587897456,0.17967569949218443,0.36281398995346714,0.2413535193424951,0.6115354583649825,0.4766147504160917,0.3038214382529373,0.9175872865565231,0.787585954361594,0.9394606013725512,0.9468189631967545,0.7681186312351265,0.6363197583419717,0.813662385893024,0.6599599370392673,0.41710719474617886,0.30210646072017266,0.6848783090273333,0.24452732953015335,0.882789563350676,0.7424659316867042,0.489993950878956,0.32045608418356686,0.6240977969532788,0.6119393715357742,0.5971016789717216,0.34543376566764294,0.40972677286366066,0.35377302138198563
0.8168838401311675,0.5800601755761252,0.4976302934876405,0.7091634912174616,0.7602563998840662,0.8661112781102551,0.12240339690547891,0.0810814070162913,0.1789566485747709,0.3615497079319469,0.2397983301560072,0.6097914547205538,0.4707081464343147,0.30211681823657344,0.9205878636943041,0.7906825877218666,0.9420140740264866,0.9491709871461291,0.8025465235911168,0.6314757182034377,0.866193843328349,0.5887130341243954,0.4302361691402082,0.3107179531222699,0.7313439638211543,0.21996100648374767,0.8982736576440988,0.7105073452621211,0.34319609377536675,0.42966230506547864,0.6274517081715877,0.6047572806563899,0.4295453325173274,0.4495526828100721,0.4050667062725883,0.34843224152961383
0.7642494988141836,0.6804276633999049,0.46301480297737607,0.7754191784203576,0.8117488701839011,0.7304397202723343,0.12706879183963005,0.08576445839029379,0.18357320782748143,0.36453311779527686,0.24541538397415746,0.6123676787302424,0.4764981558639874,0.3118969507763165,0.913958568646047,0.7865606279974529,0.934497758268488,0.9399732081918402,0.7800841571338709,0.6337020657912525,0.8250607294308963,0.6736860728908853,0.41438626038777426,0.3022806540777829,0.6913495431083285,0.23328151300951505,0.8758682445317071,0.7197984813981518,0.4291047564084792,0.42432042673588366,0.6132188639097719,0.5910866111619445,0.7536620292790186,0.1921569797650721,0.3803657451199427,0.34049403569364267
0.7448668520335098,0.6670908586044466,0.48468176976687716,0.7409802883511075,0.8186424512668217,0.7351362692641641,0.12685450737119913,0.08628158913238199,0.18608744135371852,0.3692090149522423,0.252877012067712,0.6149465182488114,0.4898214952742559,0.297297074566359,0.9161195139038656,0.7897636414416966,0.9369927350857813,0.9418365425981322,0.7900152801843912,0.65293820778274,0.8463115258393465,0.6869533261617123,0.4226039614341006,0.30813519746394596,0.6953497846387579,0.22097946209608876,0.8433338591759197,0.6845886550243552,0.5659568864126516,0.3369818363103306,0.5876077933568696,0.6070716518970526,0.48059910034036024,0.33902457443387146,0.35069103560195325,0.34405450461856824
0.6764215067921149,0.7399188834324991,0.4460791684508598,0.7551697084922526,0.8090613262230675,0.7646010322774587,0.12707398574303225,0.08754120835525864,0.18448742627980674,0.3717840836310942,0.25121988252973726,0.6154572735193787,0.4862137837535463,0.31084531471922827,0.9247266591383208,0.797329723615381,0.945469361189063,0.9516157881781017,0.7877358036746966,0.6631180330426536,0.8154763992729137,0.7346730901432723,0.42002598234253274,0.3069354144672821,0.6821797333294283,0.2303672992707092,0.7936964405423146,0.7266187005327527,0.33870660302910793,0.3653183227477511,0.5634905328123533,0.5972017277842163,0.4335342076733087,0.4307410049963942,0.3408650047435041,0.3330486381309066
0.6844948192607004,0.7628117786915782,0.48878677410346005,0.7512922461925271,0.8483715076222498,0.7788035717863546,0.1307066285825051,0.09367539141919912,0.1921073440056032,0.37881920566585126,0.2616504224395905,0.6223219920893734,0.4894965979958129,0.31467761124262716,0.9293851786471061,0.8011663059796383,0.948570113993133,0.957438905046564,0.8048830722564291,0.6743058213736524,0.8302751261520201,0.6774210225543388,0.42917083991628546,0.31743746589968797,0.7002834890949855,0.21053378016253527,0.8875668399017751,0.7019319830574862,0.5184398668575982,0.3794961546176913,0.6446430989007521,0.5791553611459894,0.6474552771726046,0.39460039958110904,0.4130875622436623,0.3350701903536202
0.777751405297405,0.6154041610267569,0.5017061838919705,0.7237094273528049,0.8221571417475932,0.7855198611531146,0.13200031629879455,0.09528035918734801,0.1944430577361042,0.38368146981555257,0.2639895312054738,0.624103953527599,0.5041762578074047,0.3150726419852106,0.9425220737280996,0.8043978059826925,0.9571622753508326,0.9652926326673614,0.8058403064942745,0.6802528469218472,0.8947345601932752,0.6419336095562125,0.42888044900052535,0.3128852201019806,0.6955017473115621,0.2209645843419224,0.8787333887029394,0.7190756035025714,0.5314546754150462,0.24752543582348824,0.6138598596366264,0.5716629767389781,0.3831704552845256,0.5006208870255233,0.3939092178670454,0.32675427900726195
0.6376279284083884,0.7550116327167351,0.4779713707643256,0.7574319522305729,0.8604364683077941,0.7456476950991652,0.1291468645524143,0.09644825885517472,0.19961899481493067,0.3880342497103349,0.2739795968579178,0.6294184018038886,0.5140766540229202,0.32530085159351874,0.9464265828820756,0.8041630045563584,0.9563415933147843,0.9618480622985822,0.8148768816550468,0.6872208125205648,0.7507245553773877,0.8561667178807354,0.4374023932591856,0.31613528591545326,0.6809840918375905,0.2296951836022597,0.8463186280115155,0.731616043126029,0.48493981545341325,0.3044075385021808,0.6187782988184932,0.5823654698290684,0.4568538009805928,0.4055026362149381,0.3969070950043727,0.3167341248518736
0.7260257766713414,0.6684602734338188,0.45764382932941894,0.8175046193589539,0.806774595370533,0.841598438726344,0.1281298484416008,0.0956954670900636,0.19706387011868587,0.38738973214598516,0.2745944701334249,0.6297451666865841,0.4991632515165436,0.32735245865587853,0.9089846139333575,0.7747088105923428,0.9179272223703383,0.9160748616141183,0.7840988469738359,0.6350704134098543,0.7649646432205386,0.8999921264687405,0.38933003185328346,0.2777490181135929,0.6276314352856383,0.2519169725474544,0.8374347503504629,0.756250495898865,0.3764657371861422,0.46949566816879956,0.604376921457428,0.5737129169903457,0.497438390426393,0.35067540555981885,0.3721017560398497,0.3085595236860053
0.683296982583838,0.6614177732852571,0.46502265266448556,0.75910990720802,0.8120027552036164,0.8724472840387181,0.13492590623700312,0.10448199949907583,0.20604536301749726,0.3999919040709286,0.2765609142854685,0.6367414973588115,0.5302964356777041,0.3466024248315236,0.9157552796165338,0.7876217572718339,0.9346728296355873,0.9395923139410693,0.777093544497603,0.6103016560340155,0.7879373628215763,0.7310694401756866,0.33019718310204105,0.22938673144920751,0.6423200238246278,0.1765098306391527,0.8639938603900175,0.7415548101755417,0.42223446111449886,0.5195979161397379,0.5675289200806615,0.5291531329685871,0.4898907734732318,0.49391873341652115,0.334069660479923,0.28617096163102185
0.685781886194136,0.6635926814803522,0.4699641601720528,0.7367413763620791,0.7556382232902227,0.8359052708218588,0.1067239105012886,0.07222905228005327,0.16129947127037586,0.3566055524130678,0.23077150490085502,0.5877251563603507,0.4406388328948685,0.25796407268627075,0.8628166832086553,0.5971288275761603,0.8250030526884944,0.8209012139243776,0.6549947133933949,0.48595221875954486,0.663127215805385,0.64184971234011,0.28528966124394994,0.20505751788200227,0.537707759760509,0.19504723076472058,0.9020225132098891,0.8175650205286458,0.6350392690223131,0.2218115620529617,0.5514938459022208,0.5392990214563109,0.42957954271769827,0.4810960263974697,0.34507543760758924,0.3023559156633648
0.7355112944002722,0.6156352166455157,0.43684032016851704,0.7733604895668151,0.838133621855063,0.7383840078923326,0.12055842240503295,0.07695548698049348,0.17246825057712034,0.36542119062714445,0.23843864552913108,0.592296857421918,0.48240697637996743,0.29301527034775243,0.9107272264692057,0.7072546430469735,0.905366235319497,0.9081169208147711,0.7441787910274705,0.6246405260695789,0.7889547834499278,0.6804060133421628,0.4118870111887598,0.2996642571328043,0.6691150399767902,0.22234207851108884,0.9327534389982611,0.8080781564949229,0.324968600148762,0.40789761212801434,0.6211542803775918,0.5307874560441053,0.589485621284467,0.32028380746994756,0.4392796085244019,0.3288895966634887
0.8749563502022132,0.5199837459750184,0.5702057038687638,0.640965318505765,0.8091161349430178,0.7991930795090758,0.10861068538691943,0.06795873183405171,0.1793112469515598,0.3692376194767123,0.2437116796026913,0.5940783595984538,0.4699771897683543,0.29319592877442513,0.904159342473714,0.7109634318578713,0.9024893092064113,0.8945611831906113,0.7564097931873204,0.5842599543098296,0.8094195285704939,0.6502064673705199,0.3898307651073093,0.2757186034584632,0.7006658902518156,0.20731945113035627,0.9674185716234911,0.7765379300834068,0.5469366883741965,0.24547115771647038,0.6164088440402589,0.5099783091899622,0.642106694957341,0.3404881564604667,0.44273607449377417,0.31656984396487625
0.7466327106007746,0.6511034283397592,0.4793117420248114,0.7432009746588932,0.7953902221893717,0.733634387094912,0.09970747297329124,0.056397489890213204,0.1726356837810873,0.3576480233346819,0.23007868917016272,0.5883834121486092,0.4559101797399861,0.26959506028811053,0.9070577034542568,0.7261323528953936,0.9083596193868904,0.9061081768514385,0.7520560385846828,0.5864315488531522,0.7793658670363756,0.6641243051543418,0.3938221396327825,0.2857833633220729,0.6258272294803046,0.2538845400746519,0.9349578639760726,0.8335092436465713,0.5635224055939684,0.3338752919840668,0.6135047592840736,0.5132641912078485,0.371453295920972,0.4348246294343698,0.43760681304162213,0.3138922217371862
0.710702656700966,0.7582723703087506,0.40521985124807214,0.8118260339976858,0.7805673058667937,0.780828746028366,0.09066861233657791,0.049911536785663346,0.16667944532922596,0.3508729635295932,0.22733232928637898,0.5821013255614899,0.4530015886644692,0.2550395885416193,0.899087473864243,0.7079262648808933,0.8992047527698347,0.8921130278542899,0.7416734458238109,0.5494962633673872,0.8131962387292211,0.5161547209040186,0.3765840513063676,0.26623305209366427,0.6384467558138083,0.22260624070373958,0.9420619607836616,0.7841904866579633,0.41836279326892617,0.3969127215359644,0.6045379636600934,0.5076379095523257,0.34299695348506254,0.5250368099641745,0.41535499613066396,0.2973903080831897
0.8308284355540124,0.5938456625826947,0.5090501451811732,0.6714722923460859,0.784804016847964,0.7520515885594667,0.09096768149430096,0.05313163559197803,0.16973498838576534,0.3565969462982602,0.2273446935523955,0.5851924053477623,0.44528052594074824,0.25841719389356044,0.8942765617360499,0.675251205553663,0.8754144630337162,0.8653405402680916,0.7253627413240415,0.5431009371503485,0.7951172265252516,0.5644224039399474,0.3594237803432108,0.25448620369021574,0.690830738651554,0.20614370811256344,0.9363790593000265,0.762841998082531,0.35252564844979856,0.570616348814146,0.5790323614753364,0.5174028538212024,0.34096061936871525,0.5026839837384649,0.3912137898651503,0.2957592647170779
0.7095753824291189,0.722424282474725,0.3913560769928631,0.8114685805790391,0.7803120893389435,0.7231399429215197,0.09209563103672219,0.050194794358465744,0.16612425732002045,0.35635900234644613,0.22445683229997926,0.5831714197097947,0.45095060409344323,0.2501823495640907,0.8989595144983968,0.6711406272227036,0.8761593706262243,0.8657556279715898,0.7244703642250343,0.5508099915829484,0.7166183311835181,0.6560048068051068,0.3740011318971129,0.2695951316470238,0.6462279578769001,0.25300704753318437,0.8448996774828084,0.8039079835036478,0.48137349131856966,0.2353366511599623,0.5683482565974938,0.503036131877711,0.46296485117281666,0.40498411951972973,0.37155575085563086,0.29001837182956647
0.8017883338413324,0.5954669394876595,0.4870193986378966,0.7284437837376166,0.7683572083705634,0.7677807866407689,0.09263771859280995,0.05349351307599731,0.16808084473856277,0.355519597896559,0.23089514611355832,0.5848186002227711,0.4402798840683765,0.25435313166229273,0.8900592005356581,0.6479156853660287,0.8601901677816328,0.8445176422574068,0.7130918681592698,0.5391826470504283,0.6984125514428414,0.7877654545261634,0.35784745252352335,0.2562253202625172,0.7434895114397082,0.1773484157703214,0.9757044204364588,0.7289403461010614,0.5891370907594272,0.2904179681505813,0.6460439983906463,0.5122554970095448,0.4667420686236185,0.3833902426093377,0.46538329123031996,0.2958897653892345
0.7920918614820548,0.6602453818436835,0.4572849492186194,0.7586212377727478,0.7550592483120879,0.7983084950086465,0.08979275936516035,0.049168815872488836,0.17066458461993272,0.3541742259747098,0.2343667604854756,0.5862853581714347,0.4414072692432436,0.25542252928553755,0.9013869356263208,0.6543448142623665,0.8735738117177345,0.8577303085902928,0.7506141479361994,0.5525735899962215,0.7412400590864907,0.6702066805338542,0.3891311163394279,0.27518073397465065,0.6647615540501127,0.25943035734948083,0.9593370904241221,0.7862608831015728,0.40942297329342514,0.41682590619581783,0.6431238692358294,0.4934017857346,0.41355442027476025,0.41840859902284566,0.48087152512972786,0.2866707861740868
0.7819059427979136,0.6721419144308465,0.4457124796735885,0.7691657510278005,0.7898015219997427,0.7088092838213359,0.08804238165108824,0.043672644289272755,0.17357544976856115,0.35919288269140287,0.23753759534652163,0.5849797517856241,0.45638150930814403,0.2736693850328694,0.9154987407460773,0.7129389027919151,0.9141822883996914,0.9044081619968242,0.7850592358885028,0.6145434371191906,0.7832634900888992,0.7592177003899394,0.4308464657593495,0.30760520406439895,0.7291430304257173,0.2380253278596377,0.9333240476083892,0.7542381884712865,0.2737835731858037,0.5205981841110633,0.6439908825214231,0.49120731177540156,0.36813085123402056,0.4975826053924798,0.4820033230870346,0.27543232655398064
0.7392600883349489,0.7797516287128234,0.4283643738215621,0.7966858637539991,0.7969395657498316,0.6702251166338944,0.0961264131330864,0.04858749836078641,0.18587835017548687,0.3698175436139748,0.2406754429723995,0.5878915870694348,0.46718103779594644,0.2731363197013565,0.9023373782528692,0.6829766316113086,0.889821969428903,0.878490751188863,0.7542936193152333,0.5707182228175858,0.7649786961301072,0.6664894245310699,0.3962920762523007,0.280697809669333,0.6363692916880299,0.2946939184950476,0.9305495419368888,0.7555665751067496,0.35963217442144535,0.38536567165216346,0.6353612294755464,0.47937767540214904,0.6108652352172339,0.31538557978225373,0.46387895071930796,0.25255169066183003
0.6369125221670806,0.8502911786968075,0.5103161188666969,0.6889405464360634,0.7356034351148948,0.879258743660309,0.09227829920781822,0.050665287233295164,0.18786323297019758,0.37490402336605716,0.24372631525874272,0.5909359599143681,0.47266634516898337,0.2652776543820603,0.9075484701195597,0.6818899124918354,0.8919482725722567,0.8796803741665572,0.7689076017889556,0.5907903420824661,0.7935890065823212,0.6636565618265783,0.41705850180472637,0.2993985285639218,0.6805191066162637,0.2615161630539764,0.8649586446726476,0.7438391946304348,0.3935630445613107,0.43947015850947824,0.6164241224435951,0.47570598812279036,0.3938222604427097,0.40971884576051504,0.436593021948837,0.24576524945233938
0.7557176977030573,0.695496751128894,0.4994806846256255,0.7075436829580415,0.7919814189265815,0.7478826749271914,0.09533151378421417,0.050882733399926716,0.1898663415243924,0.3765810433071385,0.2465423022846584,0.5905771298247412,0.46618233559031597,0.27566697219881997,0.9015400102773907,0.6864741739438163,0.8911100943809491,0.8770729968645012,0.7582665068831465,0.5806022764228469,0.7363229070834457,0.7670322453220058,0.398374261245017,0.29225259341263665,0.6450487480464223,0.26727086327138216,0.8308900584054737,0.7417050878365492,0.4584898009428983,0.4060369418200705,0.5889358333541206,0.48524204339673827,0.5864996507091584,0.30713041237793837,0.40716041996255764,0.24063366854049004
0.7118318085881805,0.7277658435007999,0.39849550731069305,0.8117937100076523,0.7931375750273912,0.7278868318286151,0.09591758078748397,0.05607913438793144,0.19043566212996343,0.38081469593465567,0.24789303052735107,0.593168340583094,0.4726457286845249,0.2798249108944731,0.9069283032166172,0.691211386035788,0.8967003571605845,0.8844190320679404,0.7765089329648668,0.592890519392522,0.7995241379095064,0.603030098074909,0.4132919341609805,0.29852544323707686,0.6457109570528204,0.29069343623414845,0.871075765406875,0.7487023950373377,0.5692075669017278,0.22154394338575825,0.6591530140772719,0.49030533866137305,0.4300190191338123,0.40794803232298615,0.47975734800123815,0.252610728575665
0.751383745076114,0.7008771262107618,0.48845260235945953,0.7634652831238578,0.7660823966569805,0.797986151523159,0.10620622060963081,0.06366123737718604,0.1993466256446319,0.3873451722177592,0.2612751100038148,0.5986798330222088,0.4726117251445327,0.28166202197443096,0.8930686718921728,0.635649818048224,0.8583811239760244,0.8410393350487273,0.7428479420346983,0.5618465749231535,0.7215999017702087,0.7457546762863821,0.38258408227898194,0.2781574836043171,0.6450027507279051,0.2769132443116229,0.910996697680039,0.7555764616916154,0.3540200360817718,0.491821972255219,0.6627375053044355,0.47117334051266746,0.43429258470746734,0.38458921947713054,0.5039364527811396,0.2301651082539824
0.7679654146696726,0.7191023798153378,0.512601710071514,0.7297571249591815,0.7690429807511553,0.84641833384676,0.10920740211446073,0.06681799141610772,0.20711096701106835,0.39364522480756736,0.2664944886509388,0.602772248028497,0.4765233935593213,0.291610692464969,0.898167737691775,0.6272348814513,0.8600587615279629,0.8398906079794052,0.7502569196505389,0.5816763473799024,0.7170512700475515,0.7717089457828089,0.3961951993355098,0.28706537399085574,0.7057826957808667,0.2454108418290633,0.8770379690187804,0.7480615368156126,0.5168139205138261,0.3041216012185629,0.6660634345131282,0.44790477006562135,0.6740801242923502,0.286539801916952,0.49824074344264546,0.21202721945187308
0.7057302778295791,0.7172361655767467,0.4565398883989099,0.7853386495146146,0.8539243006758215,0.6412751410395139,0.11774042703384674,0.07620046184792606,0.21493801217997477,0.40338248083099165,0.27755957699729905,0.6064915065386043,0.4776056461718289,0.2999085187870716,0.8927286639899258,0.6069927401332231,0.8402903679992741,0.8189549090807917,0.7396222545604607,0.5751801591112634,0.7261974674647013,0.7320678511299001,0.3877731553185192,0.2809416267621932,0.6466485301305596,0.28660928247751294,0.8666476481774796,0.7419982532555809,0.48070960140297064,0.35444806260281286,0.6646970096616706,0.4440426654768013,0.49592139921551165,0.41863148757234425,0.48129167255311156,0.20135520247654415
0.7569241245085646,0.6927193018705045,0.5060704796902125,0.7236814620814783,0.8239033637869039,0.7734529725948424,0.12008894135884718,0.08286830038759208,0.21857115229610735,0.409042054329967,0.2868827323267901,0.6124253804220223,0.4790907416988769,0.3037520068603183,0.8726581545128468,0.5988219411486968,0.80923222128668,0.7742791509737998,0.7309797756467975,0.5464440955086644,0.722933926590281,0.6290229589190867,0.3691896244114444,0.27334631504576534,0.6437802777466991,0.2745856716267542,0.8492315147262877,0.707880259540393,0.2604123397989595,0.4580644475153095,0.6410539217085705,0.4586086392474821,0.4367893589601311,0.551361348990673,0.4583883961983631,0.1904389809951038
0.8020193142568831,0.597180520897115,0.5064267076655488,0.7451664422709015,0.8382654626516568,0.72462413731861,0.12625218665379162,0.09015420790048839,0.22223338139401355,0.417705042272433,0.2924037490743523,0.6181012542429772,0.48408057182106057,0.30988327065743604,0.8744562389535986,0.5959939785921387,0.8063885171984642,0.7720644203699114,0.7392452387649846,0.559413389007156,0.760968571132589,0.5629209088172304,0.3769193412687245,0.2810129543561904,0.6551206859420355,0.2555673849999198,0.7917928221423592,0.7420524257889423,0.40431503140836117,0.40943351606467837,0.6162395210857725,0.46016395506150976,0.3967823888312393,0.5288217771527945,0.42374103160272647,0.19051264875026708
0.7196033343022592,0.6887263057068954,0.5080272277737189,0.7634297978238309,0.7651432693391713,0.8538492978654075,0.12150974125836078,0.08584611894593636,0.21506124797743775,0.41667017267237194,0.2867387204355888,0.6153352907596926,0.48712846641315977,0.2990068685544557,0.8906806193684221,0.6006429198958442,0.8237420069555675,0.7918343026145737,0.7521309215741492,0.583965271173455,0.6951816413781733,0.747246466054817,0.39400323624987926,0.2904188358001275,0.6534942044316462,0.2503874971608009,0.8037282836800856,0.725729238550499,0.5831709395117394,0.27178321395306565,0.6539149973499442,0.44692609690682217,0.23627558582845437,0.5850000398230797,0.4786268346636914,0.19730229534568194
0.6484229701338868,0.7696027881811021,0.47070061011288933,0.7626941745966654,0.7938830741985745,0.8643559077880894,0.13373012234589315,0.09488493650295265,0.2210142337618351,0.4176802763291141,0.2901946153803122,0.6124982356441862,0.4954642482450719,0.31291487992071065,0.9069347037078314,0.6086985267560581,0.8413750409412122,0.8150622953116187,0.7680077558007615,0.5951479050325619,0.7789749842208699,0.5546811261758244,0.4111056270689045,0.30608420812193327,0.6388545463957954,0.2959308571229398,0.8433089248654144,0.7191733710593424,0.3596391141353489,0.37121258891208425,0.674203209448853,0.4216290557986603,0.49477456852674395,0.47558358094564507,0.4931843979956264,0.18205899964756733
0.7538301061491226,0.7137470724801558,0.5698115405089914,0.7384036008342547,0.8452303580672587,0.7798906158133969,0.1375082494070642,0.10285205182721141,0.22717125492893597,0.42329965285058113,0.29659874292536886,0.619291497390279,0.502807321312161,0.3209506117274329,0.877349694292028,0.6103595597826477,0.8092424890398766,0.7761265977549753,0.7379182157175347,0.5615929008223121,0.6986210604659376,0.6326845941143399,0.3629364574018119,0.2675973671666124,0.6724973562112251,0.23436995437518876,0.8208405573630052,0.7648367161952623,0.25286189586846564,0.5838782937050349,0.6628854685800059,0.43393886094601186,0.4610341761834067,0.4877051179988672,0.4825690890340195,0.17004569198239566
0.7402133548248215,0.6931462072457383,0.4566785527444692,0.8441893105756594,0.8232342394267416,0.851788744934095,0.14150164772455354,0.10736722351008854,0.23024433701700137,0.4258231811595099,0.3009842895753827,0.6216448261005912,0.5036427823562818,0.3137519776993384,0.903363801792324,0.6163470359243938,0.8364979772230454,0.8119854531336512,0.7763558368560445,0.6027576011787166,0.77734578532705,0.6463250986411175,0.3984502266773195,0.29285900567013645,0.6712850203214042,0.24721893518056637,0.8292849906958359,0.6911259065037059,0.4554740656956605,0.46685867293094185,0.6528655605434204,0.43050739396363136,0.46034754282446233,0.4169749504252573,0.46907189496981805,0.1621744635627781
0.7866021496764786,0.6634223625741424,0.45351010633623823,0.8271059460356276,0.8560482394627235,0.7887912150739685,0.14084375279642197,0.10453143857247088,0.2287101701533692,0.4239590928776495,0.3010534150598785,0.6215559965352875,0.5057209015454602,0.3159628108459313,0.9124740133676353,0.6295311817451966,0.8509563002388922,0.8342038571893524,0.7678668412948512,0.608028639984033,0.7256274051543833,0.7741262958160613,0.39752687516464436,0.292667191182205,0.6700911279177659,0.22491814174931157,0.7951556113078111,0.7192332462675184,0.6014499888024635,0.2868019934295597,0.6237615868296968,0.4378274048821665,0.5923582145641944,0.28786325265958723,0.44385107976972266,0.15742959033234494
0.7102884049549807,0.6520240044030291,0.4641744884688982,0.7817287577297939,0.8289757545533659,0.8560020658763254,0.14024492306167968,0.10905324399703131,0.22960654191633123,0.42661793362150247,0.2992531561938754,0.6206863121738354,0.5045798621898612,0.3203729777032982,0.8955369948344478,0.6123858840928893,0.8291805190087738,0.799075951804715,0.7426601496561582,0.5704486658826022,0.7388489793511812,0.6488628481797861,0.36653587905804963,0.27112722194527356,0.6600008152369867,0.2474404838633376,0.7845238133334507,0.7032262571210426,0.34092343890834215,0.4043188332922324,0.6039860187683926,0.43687898138088116,0.45428027853320374,0.40926082076888093,0.4135910364496223,0.158048561156925
0.6545098634609496,0.7188056684666191,0.43597774134555334,0.8414778817012977,0.8147957147852194,0.8084110656311596,0.1375067063095996,0.10552882300846456,0.22070908782091442,0.42046983598803866,0.2926044300586433,0.6193334745654838,0.49799481131790785,0.31640124385846513,0.8956051628596634,0.6048205816774621,0.8268646595201463,0.7979195691780647,0.7416890072312166,0.5692695663934644,0.717722063390628,0.7063561040251607,0.368819776564558,0.271711396248515,0.6292962703624397,0.2557214447773776,0.7843138866142837,0.7859338701100291,0.4762438867281318,0.3782082329022243,0.667527600321489,0.42927001677051846,0.3949795130917259,0.5018128726618647,0.4833068067043217,0.16919733434457146
0.7578463822083925,0.6854244651802175,0.45697458803205177,0.8545533827967531,0.8726392666273165,0.7219352627268536,0.14385962783101836,0.11371670598681183,0.22853440026834082,0.42657649811546383,0.2915943716119883,0.6225022809329274,0.5092305455145667,0.3288742311234234,0.8788305797899155,0.6042913102304093,0.8140641700966045,0.7851774008929004,0.7288809909519923,0.5490072028108786,0.7404133412013316,0.6152132191299593,0.35175074923348226,0.2556273056570402,0.6477683331760182,0.22988067286606878,0.8808469519554211,0.7384508605328297,0.40356017416609863,0.493673276879947,0.6834977071561187,0.4090067992226013,0.42041253682645857,0.4912618280131241,0.5122211144123896,0.152160448890993
0.7506836556104881,0.6282254898388135,0.5137165696814543,0.7627659570948024,0.8352182668263812,0.8024219694740337,0.13703291465569278,0.10761520575362998,0.22495900419601578,0.42014839777289964,0.292861113710381,0.6220781032423817,0.4921748133776711,0.3108796207804052,0.8919853299962082,0.6091855885907685,0.8333052931773023,0.8070943529314836,0.7442762993859496,0.5663070216522464,0.7013839380679275,0.7323169243798754,0.3666945814178413,0.2676528436308091,0.7188798980051421,0.185573708640405,0.8683276963641346,0.7551889959903169,0.4090917592168175,0.43583263934829974,0.6779801896539666,0.3979435126512958,0.36918214086608414,0.5868038004605196,0.5031960288132118,0.15552672336857465
0.6944289069747196,0.7149854725363769,0.4529152252951004,0.8220995219278011,0.8547917177676412,0.7982732861941709,0.1354926154979053,0.10575488509380859,0.222857672463582,0.4213462110117546,0.29219693088950416,0.6211132409416193,0.4984694179904412,0.3112412487300934,0.9101820859473664,0.6290976561445472,0.8603257142488677,0.8409284284732679,0.7604730391434047,0.5951360799780796,0.7887515040673564,0.6091728246211703,0.3929766314821152,0.283798286401469,0.7032656205434263,0.20645035220712177,0.8508751250842304,0.7352734174856732,0.3861724867414831,0.44248765563348524,0.6679633315948835,0.3992227881070948,0.29928573972283934,0.6774686970034379,0.4916963965632337,0.1445618999830327
0.6629013809711874,0.7374451635131283,0.45060206923410007,0.8424903900890718,0.8483232478829648,0.7918545761782586,0.13253390541500065,0.1040791691518082,0.2193789087045378,0.4170648669754493,0.28689337322986597,0.6159708746167876,0.49212395629586136,0.3089200310426602,0.9088737906839577,0.6300571922639645,0.8597715830499868,0.8417586797441013,0.7573429952108197,0.5775059382253603,0.7775088707678479,0.6403567971932131,0.38637510003565134,0.27984377886552037,0.6996924432519664,0.20955659998119136,0.81263789293055,0.7776030885605129,0.4314799780235107,0.36856142670230413,0.6546617214054666,0.4041632148602306,0.4911366198288628,0.49140180697804414,0.46295501503471503,0.13514028899821828
0.7262345152793279,0.6409978332312563,0.4835236815103401,0.7786569763152742,0.8428363200515184,0.7709820411254291,0.1338210350584627,0.10305858068862689,0.21473471236065833,0.4117066296841543,0.2819766109401886,0.6156251468741641,0.4931756232191885,0.300032349593194,0.904653912021772,0.624394768611835,0.8533065794224817,0.8332136674767594,0.7381060392955681,0.5756199785910672,0.7249096153305611,0.7226714932495738,0.37783042184797405,0.28025877305699154,0.6484814613515428,0.24199469105594815,0.7905500352575914,0.779299630444011,0.6173809345873316,0.20295109514006643,0.6368898995722817,0.3937977244050791,0.49992515375064217,0.3783394957558894,0.4304771095745227,0.13182383692762295
0.7119713613423542,0.6560173000016329,0.4867839471678944,0.753619754180894,0.8081553270217849,0.8065701362325236,0.1313403171287681,0.10155923330336586,0.20931805048127078,0.4076553070160214,0.27382143318039676,0.6128195129515652,0.48675608219290306,0.3098030140419596,0.8939161259918409,0.6143216333194067,0.839676497270258,0.8182362547857838,0.7242663544359825,0.5589172441750788,0.6845559891058222,0.8003826755373726,0.36280105132373486,0.2699661962164337,0.6384254461914,0.23248344323682563,0.7917189420490789,0.7642294249049248,0.37106130239891305,0.51737364934145,0.6288505398343688,0.40133276604410834,0.46889600465226156,0.4088281596750413,0.4531927496207567,0.1379148021784138
0.704244694602516,0.6748911602346567,0.49420113173143215,0.7822221380119925,0.8303232546489585,0.7975885759076378,0.1368503919170721,0.10759442833146599,0.2115544708532604,0.41284703881803,0.2807608330204821,0.6176129827827537,0.4924738728433291,0.30535560891796903,0.9027603635172503,0.6197510673736437,0.8506442660167444,0.8353626858318652,0.7372987164807947,0.5813580466706332,0.7453637237955915,0.7162504482832314,0.38802508513156236,0.28355571314688066,0.6686304473192207,0.24049395116687153,0.8702927720402536,0.7500150654493715,0.3143617070352439,0.47930339455877313,0.6871659421601779,0.3984517608781442,0.5945481636871909,0.33542859438368067,0.5086912447982234,0.13630124118229697
0.6905385947160777,0.700943002673329,0.468797249754617,0.8033669219323126,0.86281144468968,0.7047274699043744,0.13365177211530882,0.10563005296816519,0.21283351309712756,0.41189674730895576,0.28704473202707614,0.6198191479328108,0.4874001699630197,0.307052471124197,0.8957776723146517,0.6108041318748367,0.8445101214263104,0.8196849396469492,0.7372064280751291,0.5479099099763958,0.7602342317361936,0.6283703208677146,0.3761951828610884,0.27436875165406066,0.6763646441594026,0.2322975496645152,0.8798093839931773,0.7643499557773741,0.4814276456917062,0.2285468286088787,0.6964169762933832,0.3762919977349356,0.28239813962075677,0.5962392285097781,0.5061907569174346,0.13110152804362757
0.7126139014961661,0.6968565789430892,0.47163789838831294,0.79316767441535,0.9041746859693962,0.6186702014017562,0.13062990401498564,0.10014864264227968,0.21098337193378797,0.40900981976104833,0.2825663980013085,0.6176984589352534,0.48903298569431597,0.3015000080368862,0.9010829035684503,0.6216605961987162,0.8526806586947738,0.8380941163636884,0.7420983361572817,0.572781795601983,0.7882341226091616,0.5661700076433217,0.38972772245255327,0.2839716806545339,0.7128614302171301,0.21869055720470015,0.8587966529924473,0.7972855613890037,0.646272670987869,0.20858091580796048,0.6925330434596166,0.3906798400078607,0.40307009225192364,0.46236342346491444,0.4971137459063373,0.12788469214828457
0.7577952717491044,0.6098986314252037,0.47131678397275867,0.7886011353962571,0.8233367695712891,0.8085552824680254,0.13248580738038357,0.10287319582071036,0.2111482957100892,0.41338067906814896,0.2860743034050683,0.6215361389713493,0.4881066855107056,0.3083144988489531,0.8919706697281873,0.6161031065878333,0.8422445292448143,0.8215354846697511,0.7224276663901753,0.5514994390897117,0.8209396087160804,0.4272158738220618,0.36679397076486175,0.2698445418973407,0.679872990971947,0.23694232265026188,0.8555721512183769,0.7800884943689459,0.6299739752937874,0.23971755556773472,0.672086346600137,0.3868212669980012,0.3279693365192201,0.5800918446541652,0.47072445934153434,0.11854942297918142
0.7801741030563383,0.551549381260348,0.51278754418794,0.7316660826892771,0.8426349888602274,0.7683137433341589,0.13007150242771814,0.10436556705727851,0.21117755264443583,0.4134944116644422,0.28426562598383937,0.6215669446070793,0.4826009281243087,0.30602182961278535,0.891408272721644,0.6132523957444902,0.8388033902321066,0.8240710862934135,0.7229437046102869,0.5659514523265137,0.7073761968074752,0.8009091155009538,0.37164653921603913,0.2770551168844183,0.6377220041574674,0.25263091967102297,0.8295938552892491,0.7544128463807537,0.5678748168374044,0.29167837069159464,0.6529541118799371,0.37912547196427593,0.26993748498053877,0.6297737517755418,0.4407391653989293,0.11632434756510945
0.6514638999496771,0.7107422071848175,0.4323901199675664,0.8130594000420237,0.8334642259188042,0.8015682964812998,0.1290888831945866,0.10404140043150739,0.20674975108074312,0.4138836954970193,0.2855375705624441,0.6208393089084636,0.47712151788222784,0.31301499628966856,0.8864780708309847,0.6144329232308967,0.8367039743023248,0.8166997018317446,0.716559004423995,0.5542077882140378,0.7202330576508936,0.7387373038089318,0.3590286094396031,0.2701746653551079,0.6642220154630499,0.21914287231071294,0.8108735679095496,0.7418155417476984,0.544387155751039,0.28378718000226405,0.6222572452266857,0.3974851695299031,0.5414860555292731,0.31348465954486643,0.4076024616064876,0.11388544623792496
0.659327526046352,0.6875458494856311,0.495381123579609,0.756890485549611,0.808594648995397,0.8090842905457911,0.12919382992539985,0.103284668823311,0.2049213631326542,0.4108366654040744,0.2808806837749182,0.6181817356782912,0.4806489924931118,0.31166632540369965,0.8936211321443259,0.6094691876231855,0.8401583647885389,0.8207638071676935,0.7273044933946733,0.5583427681643226,0.7554716578278144,0.6275746938004606,0.36743984536875707,0.2713332463590098,0.6662218569394068,0.23001512233095817,0.8195410575551403,0.7592456677507793,0.32511727214685093,0.46261705428670147,0.678975484649693,0.38887209436407,0.751797940839877,0.16907625742366555,0.47111040908194457,0.12946362085725033
0.7107282238009416,0.6775545983037141,0.48410823876477405,0.8275551808321369,0.8587137297545528,0.7137220770497724,0.1371371557982986,0.11281500022843505,0.21429002313866202,0.42192921548930806,0.2936955538051974,0.6249389373640347,0.5006472329979349,0.30442874993682767,0.8968220160999849,0.6178475971332162,0.844934059553181,0.8280430555596979,0.7408595130750544,0.5806316978695729,0.8326120551799541,0.52960041049481,0.3888233819121455,0.28548632581174166,0.6650190723500776,0.2465431001824501,0.8505611558677644,0.777577735871457,0.4142453947964104,0.36808436061587957,0.6895450864232485,0.3689026416245188,0.4568566686431191,0.3581329513931879,0.483598601026049,0.13143369065625
0.6886455492231346,0.6753059027096309,0.4636711468568257,0.8008419465239136,0.868294024054308,0.7466689740741342,0.13081272244842984,0.11152860358565408,0.21694908086635045,0.4264842242831501,0.29864550900863085,0.6306248848558863,0.48541067156374784,0.30874998922034175,0.8905443998677182,0.6137549487595654,0.8364098163912435,0.8169652556001381,0.7309716772132023,0.5724688835949022,0.733565563024619,0.6626300010687948,0.3776405495462951,0.274769644631468,0.6510204322091288,0.24019582623289992,0.8347977904904604,0.7840765873534674,0.36080874334853175,0.43896133421817995,0.6723995817934222,0.380261880525068,0.566036759560179,0.3529993631551312,0.4713292764135084,0.12759637983143335
0.7090522061175555,0.6117552892916565,0.5131370144724678,0.7660744011932955,0.8887453065913986,0.7271035269010924,0.13803410804470345,0.11579435344171635,0.21740749429880185,0.42606640281169617,0.29506883989176635,0.6291926019855396,0.49344925845768545,0.3153863305763285,0.8972875179527068,0.6166438333953079,0.8419289235585059,0.8228101602852227,0.7481389398127882,0.5808365554686169,0.7727448891917843,0.6241900266541829,0.390236484815639,0.2871849841017516,0.6836092835437836,0.22963423996252547,0.8220077804894659,0.7676566663991754,0.6165889979458716,0.09772915702600152,0.6722200098154174,0.35830003585922965,0.5437982181865565,0.34520829678824755,0.45485076853911227,0.13040970797027007
0.7706160670692203,0.5970268002233876,0.497398699203586,0.8030418550613871,0.8674282952202319,0.7699585241838687,0.13618671754136424,0.11470505050593188,0.21444177856892532,0.42812952722997344,0.2984570782760607,0.6283862560321334,0.49224995978157127,0.31230565917850356,0.891494267536431,0.6132655909687376,0.8354252407717953,0.8130845947671647,0.7274693220562395,0.5824340983617726,0.699851393113593,0.7650000441055047,0.3768678234597428,0.2841988307960984,0.6657069121061248,0.23959929174745,0.8056722940195404,0.7364427813248965,0.667521626115269,0.2162521128966613,0.644457319064851,0.3753551690677563,0.4074728430041351,0.4766276187003131,0.42894242342747446,0.12839518808354367
0.7141057247002853,0.547024052325174,0.45712374030906994,0.7661455385096152,0.8797070477138454,0.7221049874482277,0.1375446712811837,0.11399123230391867,0.21113186732525313,0.4245728187671034,0.28936644969038106,0.6253010754051811,0.47463893909983396,0.3223580957823218,0.8910982579702391,0.6178985282579709,0.8369914905299725,0.8178426921373223,0.7155545688202918,0.586145938273394,0.7786140507646926,0.6058545010197908,0.37946233178220695,0.28218573965164323,0.6292722190332783,0.2700235847928857,0.7634302974446134,0.7688363335903163,0.7526142159750016,0.09776768507099093,0.6306361883719892,0.371886553889224,0.5985861279204614,0.3216320480993249,0.3971167191371422,0.13473971817393604
0.6161660583252391,0.68807469864736,0.48145575414211084,0.7681691980501063,0.8419131190830601,0.7680578491196112,0.13426833918107473,0.11104584358259695,0.20367259875336974,0.4158248191416132,0.28108176719497374,0.6188808905523586,0.47708418867124114,0.2933790352726094,0.8906430747279965,0.6092867712126331,0.8353079104154914,0.8121991235073758,0.7058256056149569,0.5767221718612254,0.7468215096959578,0.6432447281352798,0.3717931487553183,0.2820319376647787,0.6066251871942635,0.26933879437495817,0.7309098874670192,0.7896666612501049,0.42194297396027336,0.3008962022798014,0.602230298145942,0.37444974961506183,0.3559862626430559,0.6078069310704228,0.38115496263211307,0.14075013081157445
0.6570379276882925,0.663666281756917,0.44260357731430944,0.7778508021571142,0.8469647174458917,0.7397531988478396,0.14138694604974944,0.11490026858961933,0.20443913547306292,0.4173619488297766,0.285220966640033,0.6247834535362318,0.4776688687187337,0.3116905039104042,0.8820810189518893,0.6109990733572561,0.8237121966609526,0.7994954127144129,0.6967953570412214,0.569272330424435,0.7261693782894826,0.6188276919414313,0.3653470426362173,0.27646861099822223,0.6195650276418619,0.2600037175953228,0.7985239714086256,0.8321804915780027,0.5298353818789122,0.3544962515632789,0.668577099742373,0.37308618402884364,0.39424686664091646,0.45163515194495096,0.4483320576192582,0.14860357560376664
0.742490126340779,0.5921516876445962,0.5308914893438357,0.7465634134151399,0.8270554569837802,0.8055740640492877,0.1372100911844616,0.11691238775191104,0.20623498860116818,0.42015597621382494,0.2885602768428216,0.6267580381650352,0.47175815600393656,0.30981007691502455,0.8856442960347665,0.6055093258787845,0.8257675898433989,0.8015837589523338,0.7012745252515753,0.5784489656470055,0.7215221992246558,0.6999283570199617,0.3720432825005382,0.2774254937572467,0.6684442935505619,0.24117603729133316,0.7993224805877834,0.8393642550886242,0.5562973232746182,0.3072656908018816,0.6501636813482295,0.3650942518491353,0.39348131269999,0.4612859841021992,0.4348634308642672,0.1475412290262374
0.6050173899098609,0.7679679691645507,0.44338193409632215,0.8002514812346999,0.8365577104257119,0.764596831901653,0.1376944218669301,0.11474925203113656,0.2036440925392557,0.41650122930180045,0.28434860068604495,0.6236477991930955,0.4693367043884661,0.3088768831351757,0.8918662650349356,0.6174099809943513,0.8366384673086414,0.8158419104649041,0.7143680784519983,0.5856986081743791,0.706308705329812,0.7170649171186004,0.3829923315808186,0.28860671049901493,0.6571538016858783,0.24138385312452723,0.7988734482684505,0.8068796237704519,0.5023992414212457,0.2524547786611155,0.6539193988595351,0.36432452775400126,0.37591489108688797,0.41828245281225473,0.4341703239335039,0.156740222101313
0.7269278111310573,0.5743043002303443,0.48009574927225707,0.8024717182556386,0.8711790858732354,0.7266471066930422,0.14669331484279097,0.1196407343446404,0.20466850148520027,0.418046411533321,0.2793501847836395,0.623056304794611,0.471695889997213,0.31597362594549705,0.9042991990155096,0.6306388272202466,0.8530909757710379,0.8322819750354594,0.7289501378242791,0.6050920830383901,0.7587298059621752,0.6767883692483578,0.40453140525856235,0.301290122134107,0.6781199153930288,0.24814878143369767,0.7892415364670631,0.7646450228698509,0.3181515267682936,0.5019583507944168,0.6228995682502715,0.38472361352481055,0.5508105252551411,0.3308114464998914,0.4072765902080413,0.16973469518127715
0.6743358272439813,0.6288445674758373,0.5070967036513615,0.7149553447991288,0.8214886515108808,0.8185485107627495,0.14628937105538325,0.11897886562160309,0.20142186083703395,0.4196739607573212,0.27908865672976246,0.6226632527901235,0.4776073271706459,0.30586627948151346,0.9061601743569899,0.6281592554242942,0.8510388309514856,0.8338620355383952,0.7293433357297487,0.6154308023393806,0.7360215036152535,0.8104635194540813,0.4041941547235425,0.30412083903836284,0.6562932328282309,0.2729050745560947,0.7244672675242119,0.8338856908027432,0.41165268014198386,0.4315024969400525,0.6045709584747255,0.37798237725729666,0.46390243532084513,0.40456651870888116,0.38174603505911375,0.1763717561747825
0.7300478346717162,0.5867197676397302,0.4286680970011073,0.7963241493732138,0.8636327066591117,0.7422837641734652,0.14231591109769948,0.11805280461627699,0.20188800292405013,0.4197953136762884,0.2826950078580396,0.6235394470620776,0.4815808358436311,0.3110896972181476,0.9089117337499697,0.6420068065962758,0.8594339196346605,0.8457702565300252,0.7426946479834095,0.6108095877446655,0.8061374287589764,0.6707010429238833,0.4011963612380606,0.30491204124848675,0.6584316938844723,0.2509457903454178,0.6908240383708734,0.81044116010559,0.5770278934499753,0.3652920587915904,0.5810089352727756,0.37919871681456707,0.39589540797301753,0.5031009655298776,0.35329585449832207,0.18713430086465938
0.6576229978819582,0.5723580461853622,0.37355616440770223,0.8482659502971306,0.8707382954341095,0.7000934746786849,0.13554723372545846,0.11466482656138693,0.19980968998679394,0.41666209077438704,0.28060725514772766,0.6224030622946599,0.4763852085533339,0.31115958531186216,0.9017065500107048,0.642125909903593,0.8561006626516108,0.8394763962564105,0.7165640000697514,0.5973234321610013,0.864351457078057,0.47474013034710233,0.3793883220253793,0.28543943072467215,0.6399954035842143,0.24736519082387404,0.7539097427862012,0.7868930872242668,0.5125384178238988,0.39767631523447117,0.6202674557635259,0.40428526497204487,0.23850993135349544,0.6849816201028677,0.41864173019526096,0.21603162439665985
0.6393174550715355,0.6935378738925378,0.517572497567113,0.7650254693655192,0.8532523002004051,0.7808302427129828,0.13874644901346922,0.11918187283049309,0.20406137204668467,0.4276419440960981,0.2903705066916074,0.6291396092069335,0.47926876839657095,0.3093139511616805,0.9028856780500107,0.6374845662567025,0.8567435516299777,0.8392832543696841,0.7262948212079243,0.6147214785909104,0.8001434853936966,0.6156193974676991,0.3957393485017482,0.2954397983592862,0.646297582568869,0.25525477293403764,0.7977005596649769,0.8295767313992544,0.29087112664996473,0.4439337390667239,0.6447964382473798,0.37215738084041217,0.39620718732008636,0.4939574636279316,0.44908073945204074,0.22053903362762062
0.6643157931875838,0.710205791108202,0.46128686579209954,0.8316493695971457,0.8762080176116939,0.7392662227389374,0.14067547514503986,0.11804948671340626,0.2097536208122704,0.4294574553731329,0.2949220113500968,0.6336552833769485,0.49202012784033916,0.31908400756142374,0.9043401261586788,0.633385153076073,0.8550091061703675,0.838616014534456,0.7267744479627215,0.6041664722367855,0.8080037586984781,0.5689625788346254,0.39276104046850113,0.29004595085492807,0.6681155252576539,0.22760257865869277,0.7939751364436121,0.8398240571115478,0.49321738346755395,0.3391229244017976,0.6370077917395816,0.3712823372810511,0.3691426757388482,0.5489300089789457,0.4402551075160248,0.21702075648267727
0.6693371120911424,0.6605381527272363,0.45859040366225773,0.8365356749847611,0.8403348031393801,0.7915333096325229,0.1385108964245242,0.1167020794343076,0.20725197297853915,0.4265919348362368,0.29331299083023543,0.6327385221326876,0.48239105157234413,0.31671473461659544,0.894418579012834,0.6228097175316815,0.8423482524474618,0.8231329226773347,0.7051810811566931,0.5942025109647466,0.8005090984770695,0.5882624105395731,0.38210545540319296,0.2835594207714395,0.646618026757307,0.26219336661184056,0.7899479027551759,0.8467202784504131,0.5257366086429042,0.3174515995534863,0.6326220435826974,0.3834910375115307,0.37083403760604616,0.46173805053056294,0.4323730661118997,0.21079363739400164
0.6313183614544923,0.7054312895671835,0.4719233727865466,0.7942923951283627,0.8576368919844348,0.7427356009599425,0.13641515067648097,0.11505343044072541,0.20626514783576005,0.42698489065936407,0.294178527952741,0.6302955341358845,0.4745314447205574,0.31811280130890635,0.8972637780509569,0.6228629952566538,0.8449061270952698,0.8277698604866291,0.7216266955911759,0.5841425687645202,0.8065959663625655,0.5533151542840633,0.3822537317716742,0.2822175224835876,0.6130413287464878,0.2714015899436108,0.7752528892075294,0.8271819663487816,0.507541206937784,0.339974022763364,0.6098365124062191,0.39174926484307576,0.47254597956837924,0.5045235678875308,0.4043639293748405,0.21673400363017487
0.6645668887209167,0.679339310468765,0.4595811571170184,0.8340392025495397,0.8381948938071424,0.7790525529274805,0.13391700817004637,0.1128716914663278,0.20126057741224118,0.4240355894446182,0.29250715441858677,0.6311601658844583,0.4653083674228592,0.31193554198813556,0.8881822199773374,0.620824171888527,0.8360932739425859,0.8126398609191219,0.6954684483284276,0.5833343350317449,0.6920019790448335,0.7808487931155681,0.3550251266637114,0.2657601872958852,0.6323447019128581,0.2543257952049778,0.7582014936847812,0.8155501167308922,0.34096655595190956,0.48460451366066515,0.5824903727620965,0.40817187245773107,0.4961964752674199,0.49073901041735635,0.37561193210624405,0.21743642917687317
0.6251027060099144,0.712956265013334,0.4107694983045743,0.8334523709595725,0.8837705642352124,0.6955181476270266,0.1313005263712389,0.11134053342247374,0.20189101836505852,0.42101828696420107,0.2855187397026684,0.6280384563472984,0.462072751276695,0.3092702679226278,0.8944254264102546,0.6302692130889537,0.8495899784707863,0.8326257806493892,0.7019828447133823,0.5853815454434422,0.7532314319658111,0.6642200419953742,0.3692083152161525,0.2774347590567816,0.6387989035588107,0.24053092772022397,0.7225219850497248,0.8076570417142306,0.44396520587929444,0.415268340371603,0.5592119924310206,0.4105993117983471,0.402531128063257,0.563797522649979,0.3420505026786274,0.22544004416948737
0.5918364377532703,0.727245812963685,0.42065207024631346,0.7989005271246269,0.8483086689074035,0.7504489961421564,0.12657251983347217,0.10983388701551844,0.197885421797163,0.4196736612618085,0.2859013473161699,0.6274154749446637,0.4683522641521034,0.2987785425073076,0.897035287385457,0.6292515901598765,0.8497062785617848,0.8340155514254245,0.7087259417068094,0.5849566750698063,0.7702800846029096,0.6059090643049809,0.3626690449570845,0.273760272352174,0.6378618074454775,0.24246835317579907,0.7723901592992811,0.8317982207300149,0.6466025578049506,0.127985953342046,0.6227206764497261,0.40980062987727084,0.4229859126796998,0.5156619340508868,0.4194818703627346,0.24216174163348855
0.6489017795982228,0.6839609511752357,0.45743165779562955,0.8568261508851897,0.8911207835766957,0.7144240144937608,0.13454017161699056,0.11736598489105987,0.20767071937003095,0.4298063705516021,0.3015882776130324,0.6349809612825674,0.48128683268375094,0.30962694577913386,0.8982575527655282,0.6373679802609135,0.8542558747165617,0.8391157141321111,0.7318281507855928,0.6034872508997716,0.7108627707334034,0.8024843600957732,0.3799665150462451,0.2845927700354861,0.6617200189512737,0.22928019613947653,0.7919442920577018,0.8232578132856165,0.3240943372339552,0.5075576512176547,0.6192911233522969,0.41698059996933035,0.40341759638417984,0.4924124755927415,0.4380167525690675,0.24190291216246979
0.6378716419013378,0.7297437270157618,0.5379953865612079,0.7446134626215873,0.8926130611796249,0.735264360151669,0.13111926752040703,0.11436604526835992,0.21204712014068522,0.4312277737809096,0.3084641565274308,0.6358112229477919,0.4761936961694604,0.3084990261815043,0.8937779202638051,0.6298235755085172,0.8486075287331619,0.828882639965477,0.7227763317575392,0.5908430188020309,0.7668724662244254,0.6593084584904538,0.36997685343000136,0.2788574426431538,0.6555258553164902,0.22491249220529502,0.7942375781099923,0.7882637268188025,0.6467607263850834,0.18521147711882452,0.6079078577744519,0.4138805802563124,0.6091182033789716,0.3050297072702697,0.425886282867714,0.2260025724092653
0.6254673718580082,0.7484552770845689,0.5399826668727874,0.7826875227472914,0.9102920936577018,0.684374591417451,0.13280188487501338,0.11449831514224534,0.21164443765630547,0.43289114150792785,0.30859610741252314,0.6386315750045926,0.4841438980695585,0.30945215838392903,0.9004481872932537,0.6327073434196491,0.8540655526134102,0.8345066122356091,0.7305886959028218,0.6218696130483952,0.7002005576047747,0.857639668378432,0.38727340376845987,0.2915746320319973,0.6003754387569853,0.2698727959858839,0.7281755705725085,0.8571648754254311,0.43917632578161264,0.41678911575207556,0.5917934048881449,0.43139354947364317,0.3160512467578723,0.5211253977165129,0.4100027537455295,0.23104205012309792
0.6526313531913868,0.687723225709761,0.5372139715998204,0.7562557143399002,0.8637186487201474,0.7511258620144077,0.13230340428201237,0.11498160862570317,0.21319063051949588,0.4346491909565192,0.3129987444032212,0.6415630112803204,0.48408946487614435,0.31401547769696114,0.8963282467700151,0.6288195157445766,0.8473696624348561,0.8297716470059107,0.7312220997613036,0.6106144568102858,0.776963765648196,0.66501634337314,0.37644527859275134,0.2845793422125846,0.6840295819986546,0.2166174015908831,0.738827734205703,0.7470367436479103,0.42271148260724506,0.3387079676695166,0.5663736557027242,0.44595947452868223,0.35603354697068407,0.4198787245812321,0.38535084660873803,0.22061877234794397
0.5891217426989995,0.7242516281020388,0.4221099089718111,0.8579583243934445,0.8526861392490799,0.8054651788392798,0.13469926396863285,0.11831474651820606,0.22010171506708204,0.4394908016114105,0.3190165258059837,0.6446480207007784,0.4902182789135272,0.31459814408483194,0.9025622534108528,0.633973654067232,0.8527299419041904,0.8360227952357495,0.742156078698171,0.631538741216471,0.7567997480673495,0.8101224980763915,0.3867038780599197,0.2984757078848105,0.6307778661154627,0.25517447180965364,0.6815346551048248,0.7857362008556293,0.5554179933877086,0.31741524561162043,0.5548154565372303,0.4396281709280382,0.6237311380201447,0.27627197161287176,0.3545984483847191,0.2220059671738266
0.5798745338677085,0.7123368363724403,0.4565356947635944,0.8012813765571725,0.8612884973889265,0.7950650216067949,0.13819577027652352,0.12052749038185195,0.21962704572137604,0.44119483536448356,0.3186303348604522,0.6398799873016756,0.4833860993871014,0.31958837166283327,0.8991004373430962,0.6383774536963911,0.8518907058242271,0.835948138101869,0.7318583413106081,0.6279055910664864,0.7820143196745974,0.6035023435149336,0.3762390240504073,0.2906114012587132,0.5766863824661718,0.27531373109140755,0.6322729625774853,0.7951535875742548,0.33783154640230567,0.5210978675356741,0.5126152918421409,0.472358393099602,0.6517651661302335,0.29583486790593383,0.31791412771592653,0.2243560404514211
0.6593652117563105,0.6053201055696759,0.515143162015563,0.7604188583327715,0.8835457516758888,0.7472657010925507,0.13934491639581942,0.12597558948240722,0.2230880604687971,0.44903257799581425,0.3283482878420487,0.6476249382415157,0.49216202441401236,0.3218491631350844,0.896435099107362,0.6394632289665955,0.8447636526878586,0.8299938859598999,0.7393865467429365,0.637294239079123,0.8023810912307416,0.5882183113867923,0.375842516636835,0.29128653955084205,0.6467538053437869,0.23510722141903373,0.6712042212954861,0.8139734414360837,0.5032840661128951,0.41064313316864504,0.5916273997913597,0.45603540634193374,0.5305011393071379,0.3706593854758379,0.39737537606102413,0.24513771606266876
0.6217154778870337,0.7106045074520151,0.44308049444927544,0.8847274287142661,0.8632714632689777,0.8806101944073863,0.1452471778599645,0.128286920497653,0.22593433219849907,0.44706508620432767,0.3309300746829305,0.6411705673436833,0.4912230109777917,0.33588914426923555,0.9135457603364326,0.6539749483754496,0.8669763359181026,0.8565783927242929,0.7640851902328655,0.6596079865721527,0.839763276777624,0.6177240086083303,0.40028298143423857,0.30783003289344224,0.6376212706817322,0.2547201862610337,0.6916805282927085,0.7657804029809279,0.5754384914361034,0.29615787268243565,0.5691389797262632,0.4514300456471178,0.46200041821175764,0.4428671433837895,0.3846125611259607,0.23660885172833102
0.5842258641233571,0.7137792254965398,0.47803887872580153,0.8288679861914845,0.8213652040258395,0.8624396842043169,0.14522248851886738,0.12676889196219232,0.22568355832183018,0.4472170808410698,0.334388434194278,0.6420669886707362,0.48344677128243185,0.3333021745239311,0.9034849420823188,0.6519227412215933,0.856825587016691,0.8433896334077078,0.7539549484842891,0.6453218623305641,0.7064964648233116,0.8231612619138111,0.37766121155299714,0.29458656871897404,0.6088395862977699,0.2525634745758133,0.6706732417739776,0.798580610188063,0.41251258529916385,0.2744662720114803,0.5670979711985152,0.4560234253355898,0.5207731102074593,0.3133928389760086,0.37923639475340504,0.23207593224519946
0.6123412007121752,0.6935608238493733,0.44812935196235226,0.8219309869115166,0.8745400129211673,0.7786186525498157,0.1482299664985124,0.13285376145608785,0.22618085913149372,0.44716778957156456,0.33068503476232747,0.64130987952317,0.49258377082230315,0.3305285313216675,0.9198448739630343,0.6698424773796826,0.8783448501378168,0.8663880435732242,0.7759309330113302,0.6638372490276726,0.8121606286270087,0.6945088426291702,0.3944887573782068,0.3052817128907773,0.635051656540773,0.22655859975694054,0.6487819312560391,0.7809967998733175,0.2899708185900543,0.5224250849867428,0.5445413496463558,0.470789290765667,0.36876747629121887,0.39009165355253184,0.3560698250826091,0.23453695743437852
0.6174875299942395,0.7148655249271039,0.4293577917618915,0.8579083505553916,0.8662165067692392,0.8531084334784406,0.1481576246362738,0.13137912586900158,0.22650888071829,0.4499671428310572,0.33243232824548263,0.6429551290051814,0.48857713477131326,0.33089443455666034,0.9134108022654885,0.6724590310384787,0.8716107427600017,0.8606961011757808,0.7786190728948653,0.6527932794986614,0.8200298025593531,0.6896420862559298,0.3780446399527829,0.2924276051733728,0.5994961106085672,0.23675753282507084,0.6175952910181384,0.7891578979937419,0.48592170718126165,0.38860320326778897,0.5227198433134497,0.4702004626000019,0.35975462271118924,0.42646970113803045,0.3282378433623771,0.2416755996702447
0.6402953028331575,0.6123047913496408,0.47529473280045154,0.8225399060192111,0.858652325701329,0.8477956195283928,0.1500968079682854,0.13762943004561767,0.23241924613595538,0.45476991306682557,0.3338649608675043,0.6455319947102097,0.49295161262898435,0.33718019160230805,0.9202625895339012,0.6862570194717976,0.8855611276073176,0.8761331885622536,0.7779657091564313,0.6780811465128516,0.8210128961626392,0.700119489492407,0.3884555710393841,0.2994787772177842,0.6188449705325956,0.23717542783720746,0.5991826245690863,0.7561801030616868,0.5274072385373486,0.30750423580159475,0.4940881977923584,0.4715465746426316,0.5036593172914856,0.42162749600237015,0.3012412641826355,0.2397881170601209
0.5419175181297826,0.7045021573085571,0.42179819099834087,0.8262066199521914,0.8922114613033135,0.7306788573770682,0.14434505805279407,0.13087290152706238,0.22062983154721227,0.4432776171898317,0.32606953150034823,0.6407795908647369,0.4913325613906635,0.33031266624783406,0.922345949976469,0.6668958778180984,0.8752533865387511,0.8675463789719996,0.7598327012839967,0.6654584675101913,0.7798578259740111,0.7050542663787949,0.37895542982544883,0.29580015704506524,0.6623422112652556,0.21849893588554348,0.6176325193300136,0.7947549459619225,0.3498426557203169,0.651297343113497,0.5448032721693764,0.4943748114612292,0.6557280568019089,0.2926090229354515,0.36774415393664023,0.25483570637820735
0.5175158411375169,0.7885437744855748,0.4579831911526845,0.8077313632138515,0.8584970528346921,0.849132869450504,0.1475989317926359,0.13393389076212325,0.22787404714384485,0.45104407603159546,0.33673311687439184,0.6421828757607773,0.4937177950540826,0.3249890144100107,0.9083973961885885,0.6666460038735196,0.8682516448438691,0.8591397460008412,0.7548795831192864,0.653676085499229,0.7298034146802035,0.7436462764899223,0.35935036540549814,0.2762846387014727,0.5866136495348993,0.2173135387799816,0.654425077005153,0.8246968676490833,0.5756136729401885,0.2151784283577494,0.5486626415806819,0.46427518015299213,0.45699021108098486,0.4329343293858194,0.4006954402525276,0.2785027758109133
0.5657931956817606,0.7439878163784305,0.4921364728914713,0.8273521164716785,0.9600800861506863,0.6973897480879198,0.1488949532395648,0.13877667563761803,0.22404517332886842,0.4533192087250041,0.31416021323035925,0.6190118825098627,0.5097950628324769,0.3323751165475153,0.9101480312990908,0.6767382146083092,0.8819923177775936,0.8810945682096413,0.7398345055960436,0.6438616299257744,0.761929501313861,0.8050002668900371,0.38976961334375987,0.29784164171191707,0.6200189201833101,0.23740384260308872,0.6722226279216665,0.8028959967800082,0.43447357569726003,0.312647872048507,0.5219832788850483,0.45996259091708014,0.7093071180679607,0.33712063595434166,0.3693594937705878,0.2657410002006174
0.6150443628870594,0.6975639370314264,0.43936301544857503,0.8158383237448044,0.8697309037958787,0.7652878724475594,0.12317136787875521,0.11312353901733407,0.21231282492516068,0.43170087079135044,0.3065107925329487,0.6155956934679291,0.4865975130126316,0.3063160364635906,0.8928129760453536,0.6458924864690423,0.8475986277949386,0.8388735913065807,0.7290322741130784,0.5962499956673387,0.7684013701725418,0.6164952963325758,0.32724055459203183,0.2492860365676659,0.5744948945178504,0.2553142185454908,0.6576419486856743,0.8721578891312285,0.5864372008293681,0.2641769259721526,0.5120672616135298,0.46956143587338367,0.24459454040540268,0.5082743193881167,0.3529989002262546,0.2749914238793528
0.5188062511474468,0.8186161719199719,0.3997847574040385,0.8347548842649409,0.8571612497905616,0.7568153520593104,0.1218947279672794,0.10985498482484513,0.20655714819064486,0.42837209507723595,0.3072941661345229,0.6128694808917718,0.48004623275763214,0.3048980754744457,0.9063056061901124,0.6628457637384662,0.8717235932580607,0.8657213001388233,0.7454833996644525,0.6140568011935111,0.7905577672359633,0.7485975772645701,0.35233422485832644,0.27110114250407163,0.6231325764287075,0.22051167623815687,0.6417052649996149,0.8364102069304888,0.43446377655063667,0.32568721064106426,0.4971647238950165,0.47087463956313136,0.6122902351396391,0.3406695256827387,0.32807448522295835,0.2725127989145998
0.531141099236701,0.8043395576560174,0.4645980826760838,0.7927107055771477,0.8451432970033128,0.8013445045664552,0.12109157683847233,0.11243912419588337,0.2112533317265804,0.4335960276451777,0.31320129738645297,0.6171014968427868,0.4841974317370681,0.29892593484571534,0.8984764241921794,0.6585810182587664,0.8607005929723208,0.8522750936655563,0.7291339182472104,0.5896650167592472,0.7872977560504495,0.554362176083889,0.3204902112462807,0.24697348692872068,0.5918224763740714,0.22940753711325124,0.613195357244138,0.8636100754559259,0.3810056206710679,0.26205083772079907,0.4674933918704619,0.4835289245699758,0.07902762857240259,0.8023530857577197,0.301058105938402,0.2774952267325471
0.5106784678060416,0.810239624630383,0.4467795282172158,0.816394228169518,0.8313484799124387,0.788505951107729,0.11932074159077849,0.10979540152449291,0.2046291430787595,0.42938108811992504,0.307734851351667,0.6121737733818133,0.4757243246158629,0.30379190166803194,0.9063359967478117,0.669087424733537,0.8746826897579394,0.8686094028063858,0.7258302934909775,0.6163944712744438,0.7268509071032868,0.8160557296214379,0.34226195205168386,0.2682482671389622,0.6118480488660065,0.20795968662717912,0.5909058150815626,0.8224279468053981,0.4404513940724592,0.27509373265615,0.4599992804407478,0.4887797229386485,0.35318371758933403,0.6409683578497416,0.3032478272445507,0.2957988030404023
0.5302582416060228,0.7410649850275848,0.45568998261304605,0.8101176554374726,0.8362013580870515,0.835549681755967,0.12217497148571627,0.11403393031441722,0.21093167125112477,0.43633199314905846,0.3108545199005137,0.6168900717959669,0.48062067228025407,0.31177354033834226,0.9028348233382493,0.656401733758175,0.8630842458973695,0.8562944155052301,0.7312394902266877,0.6064169098451656,0.7579562620706881,0.656984493980996,0.34111416627953284,0.2661504670559216,0.6133034370527506,0.21777847431399155,0.649469375730519,0.8994403496620389,0.2782848923796604,0.5226297487290676,0.5256493079160951,0.494042779078504,0.5433531345400824,0.2849608334525977,0.37566253142179995,0.29913557864019685
0.5694861900470839,0.771393008761821,0.3745326611159514,0.877466566047207,0.8474417154518088,0.7457344439904685,0.12134650062357766,0.11189435743626736,0.2100494440340348,0.42994581253306186,0.3092144058050213,0.6159341636489113,0.48750151755696713,0.29022834001270154,0.8916547280392892,0.6376361749728767,0.8443441534317827,0.8287407156037723,0.7118161907133425,0.5873824542141023,0.7283866953595317,0.759553977239036,0.3303389260607496,0.2573745856374789,0.6419599262790271,0.2074716378502625,0.7008337109636228,0.8154042181078647,0.22533369526722452,0.5393968991038367,0.5215114620757977,0.5054729934623998,0.5884809062189006,0.3646251436091692,0.37295677958441437,0.2918663847652352
0.6809287580434129,0.6360579271747691,0.5095435675969964,0.7540213312779862,0.8215017179936034,0.7733373029993301,0.1190974092621328,0.10876831850600688,0.20714409066628486,0.4254062566362423,0.3049420721895586,0.6149714082004044,0.47590902863738305,0.2964771120469074,0.8784968301840803,0.6234643004611895,0.8251691418082687,0.8037456634988382,0.707257411707427,0.5779712580453817,0.6665403677923483,0.8237295539313902,0.33322766089567435,0.26106019849580225,0.6325649655927322,0.22192097550093365,0.6938814833167575,0.7931967791101548,0.4912667897263645,0.20979417956897767,0.5233155647272176,0.5092842091746337,0.5019115000573691,0.45760999741266645,0.3630603804098964,0.3019175512433788
0.6769201281384581,0.6292937022334163,0.4447991205391616,0.7787339961672474,0.8205157636311782,0.7595183106296638,0.11694262080092238,0.10628385955647196,0.20427278888907113,0.42141524590650836,0.3043937148346867,0.6132709647170307,0.4680698428295893,0.2956497513745534,0.8920171530312185,0.6252355522426487,0.8368700242869761,0.8204708876428163,0.71816125306809,0.5953256188707519,0.7950385242287399,0.6113433778011412,0.3515070307424347,0.27219565953401303,0.6242846468292526,0.2524499443969967,0.6742297853255464,0.7936036145495329,0.27208812892998935,0.5411484251069734,0.5064473653641016,0.5002968270833041,0.4055070138952142,0.5810232390112637,0.3450558382321409,0.299668997291743
0.5481704217494814,0.7455195871319944,0.4128579669251472,0.8091519642670679,0.8596872133748978,0.6495318157457846,0.11328353707392663,0.09942396748465815,0.20144446159126939,0.4175114086592747,0.3001850448157457,0.6092484138933941,0.46009884768655795,0.28915739916854666,0.9110072052774805,0.6400730694855717,0.8666970436214649,0.8552438513773519,0.7342730496411994,0.6131657336762235,0.8491041913166717,0.5396821954578508,0.37961483755446457,0.29420354762243717,0.6359559108560783,0.2255796070458445,0.6231783459875442,0.8110468950060346,0.5533185815967019,0.19341231738790526,0.48206391418424266,0.5114884717069571,0.49630549226758075,0.3849108363792952,0.31934768445253564,0.29520043051657285
0.6527098888051399,0.5708534661566124,0.452681297417655,0.7713581843357827,0.8039809979268063,0.7752300783777797,0.10634365775031074,0.09940029967222147,0.2043262542848292,0.4229591625444564,0.3090996240042015,0.6150945474565362,0.45992753459982055,0.28432468906936303,0.9015879712552326,0.6380708901248479,0.854722891828412,0.8388197509891283,0.7361723150410786,0.6067043485528921,0.7939054683655464,0.6357903789394526,0.3619845628083699,0.2847700237574751,0.6573919097636213,0.22414032334567197,0.5807790121074301,0.8185506907368019,0.4497719556201308,0.3942330651761476,0.4591494638570326,0.5213699264998288,0.4524510005018345,0.5376135645293518,0.2869363223168784,0.31017226616455945
0.602215281177951,0.6666677664558174,0.4696164983664433,0.7371617851575895,0.7622571463512512,0.8482249869627063,0.10458582695010266,0.09466222081137732,0.19961567248973816,0.4176114298651853,0.2987033547849395,0.607458819409301,0.4575225494708929,0.2917929703681572,0.9211914694956026,0.6543634743049023,0.8804331722293538,0.8714628561355933,0.7407331565597984,0.6383459791026889,0.8542430457655579,0.550680140076161,0.3869036350065336,0.3026091067418589,0.613668178821975,0.23602209053769935,0.6288436177387811,0.780717829187679,0.448618128505062,0.4235623978406652,0.5191121922784446,0.5206885364767192,0.2006449869796515,0.631655332789409,0.3552728627505018,0.33387296472689865
0.6049730699020733,0.6849441501306228,0.4115892700306033,0.7934051962962461,0.8308142792363128,0.7643880185904688,0.10870034957365704,0.09918844040371139,0.20520473868746203,0.426304827813194,0.311629561803779,0.6128248678735501,0.46445553243314364,0.292891940295389,0.9161603254028174,0.6482128926897546,0.8753897065586838,0.8624393153299635,0.7453642680985701,0.6422442032586518,0.7522598251679862,0.7432180295985349,0.38933337684565095,0.3082536515849995,0.6311185636463834,0.2592905883652475,0.6583960344166272,0.8190674570189951,0.34329531376854344,0.3723648437583751,0.5308848170850992,0.5076453765899352,0.528474204737133,0.40101465420543764,0.37859869777513205,0.33274855638674106
0.6179022220207668,0.7032730428800926,0.45922659592933623,0.7783912852334609,0.8402173413546976,0.7489816942899821,0.10722345312368664,0.10170633833487602,0.2143158714702717,0.4336959255599393,0.32253654570765244,0.618539150222102,0.46622998853181974,0.290807999772581,0.90948879930728,0.6477569002191056,0.8678445757916027,0.8556281449687799,0.7381238775727634,0.6346986126139658,0.7974038454098324,0.6671401436292392,0.3806560065271873,0.2952815787235621,0.6228726708984833,0.2547729929210907,0.6640445819192602,0.7950339525650485,0.42992749019324594,0.2771395487552938,0.5224372023151693,0.5135536185470517,0.4488108689068884,0.4387162858455234,0.36575272006131176,0.332027797964738
0.6763526700997298,0.5782811092132585,0.46311911704838626,0.7959463148145001,0.8624634275283332,0.6800542842585341,0.11214750986597988,0.10686563519716707,0.22241203642694435,0.4408882492793214,0.33196769610900134,0.621506579320921,0.4717393207233752,0.30772410426021707,0.9231279595370885,0.658244872169566,0.8790449123380806,0.8654360799854548,0.7556152502565623,0.6770508573736389,0.6575569588219399,0.999683925328871,0.40212827560367936,0.3187841171094978,0.6861220924209704,0.2382303093938692,0.6458301373916155,0.7909332687986799,0.5637003353304145,0.2021445931743052,0.5141568702017926,0.520128857518877,0.457694995775392,0.439732523032831,0.3513230205062033,0.3395242944941403
0.5651354598005991,0.74605295463204,0.4452228160897016,0.810481646308849,0.9078591621512611,0.6705107411934325,0.11697275251295869,0.11393883230227891,0.23297856886792245,0.4554203980044812,0.34599212650263955,0.631306418276543,0.4860209196982941,0.3232204698482094,0.916369394104866,0.659671646385247,0.865931345775306,0.8513424212917009,0.768401672882729,0.6509203866673909,0.7918210757488744,0.7794124091923249,0.38633505995755735,0.3016714213882553,0.6949722080313053,0.21773854918060503,0.6428430478871865,0.7571678162439248,0.4920884621150402,0.32927112721123014,0.49858878739389884,0.5210083991106023,0.6675711989931051,0.3223566708954263,0.3287723418990124,0.34067457123014333
0.7156050836085799,0.5205366938183376,0.4090324788508197,0.8265145694401419,0.8550548685544255,0.8319486794871729,0.1163494261436373,0.11905079919580869,0.23443688519922845,0.4604086784634229,0.34041676617519157,0.6270708329502952,0.48729593669989185,0.3259668120365623,0.9296128470649498,0.676525446496625,0.8837489742216847,0.873832626143294,0.7831100339162403,0.6874352606436016,0.9062641291106958,0.61433332764149,0.40709046489998385,0.3176910681934424,0.6755556477246959,0.23257158747428924,0.6064524229024464,0.7557553944474465,0.2851342749618647,0.5629884459306288,0.47005279216995355,0.5375089371545922,0.5297188986862201,0.3310068095966854,0.300049255632395,0.3465149670747899
0.5781113246808098,0.653336711163906,0.49033208861347316,0.7706527852128959,0.8725277764468,0.716409909854254,0.11422015074971303,0.11636228052986514,0.22942478244431208,0.45569680124490614,0.33607725122549487,0.6230067309557525,0.4853641316793924,0.3162959490699662,0.928306221580103,0.6753437723292368,0.8841438814296179,0.8710911852513623,0.7575828355425946,0.693078700343657,0.7891668514924705,0.7906835767045195,0.3941190727336611,0.31554467194604463,0.6547986992207067,0.23258421401720847,0.6020027504616213,0.7378309783199721,0.3503940595966469,0.4638261120152768,0.4475787465319782,0.5405593579307589,0.5500743786006328,0.445218846071978,0.2972415284376215,0.3564097468964982
0.47872130660819795,0.7884291077503455,0.39233601639589977,0.857292332049535,0.8607974417443522,0.779066269679706,0.11992558008480553,0.12159614500859034,0.23380299879174699,0.46093292292817156,0.3394277405699416,0.623451020843883,0.48410142823276425,0.32612336588782537,0.9370214934832173,0.6945876643900786,0.8981756795326972,0.8901600104245456,0.7922298907003699,0.7167656127173101,0.8271741742779383,0.8342938374441555,0.42885896481987,0.33699047363748946,0.6754041312125221,0.2347195212003601,0.6439391596385678,0.7738271473693452,0.378082692357271,0.4169924997294765,0.5103116559445072,0.5255132525661669,0.4258940484003773,0.3982613885279098,0.3550547828092532,0.36886923705211216
0.5467533565524945,0.727867655918494,0.41951791197535704,0.828184645327462,0.8757596987505535,0.7765293387578112,0.11870108594088025,0.12215373569891907,0.23515080141538364,0.46114595373957634,0.3454453612205964,0.6224618125414347,0.480773159634856,0.32241634856862034,0.9269119566618955,0.6793342105966366,0.8820964968888925,0.8676902361024993,0.7685942216741204,0.686378686626797,0.8583974930948184,0.6165071663859967,0.4019017600140379,0.3169079107178292,0.6608667486722847,0.2673907144857607,0.642688868351979,0.7912589891813804,0.47147268543964654,0.39774514018839596,0.4910076722842107,0.5362978901479087,0.30036223735501916,0.6606744167180503,0.3349875472064734,0.37739602731369304
0.5710770179531135,0.7143505797347572,0.4384933346101585,0.8446932964262224,0.8507967569545924,0.858524316542935,0.11933750923661895,0.12239511556824029,0.23550018338726703,0.4662398257734468,0.3428027847776511,0.6208178053112027,0.4825728783783785,0.32679686271232855,0.9365620123852113,0.6809516049867501,0.8889748143579723,0.8785950424014368,0.7812128931988587,0.7171615420628411,0.8743307323611738,0.6348558543213997,0.43288811744485817,0.3396520838097533,0.6766788796963334,0.25446004033330555,0.6426648112488941,0.7527238372042494,0.43041437745433947,0.2780607003305302,0.49156201114867626,0.5299435142646576,0.549355086674167,0.40239957397172926,0.3322196844289354,0.379291306177403
0.5551323459157957,0.7091026125997025,0.4484472340155333,0.8138773863308819,0.8510343722774708,0.8060951792084694,0.12505802955765682,0.1281862589077824,0.23598141948651552,0.4653721158668773,0.3411521397985372,0.6201220168323589,0.48237964735608607,0.3240143083644253,0.9288298327749204,0.6814304750528573,0.8804163389786945,0.8662102971029066,0.7656908277702975,0.6890581991754701,0.9228935988314291,0.46826971886327423,0.4048592005495662,0.31572872721036804,0.6706212330241524,0.2466401013090942,0.6402394168529081,0.7652768209014218,0.47550928671381454,0.344763002157035,0.4734874461759878,0.5352821368893974,0.5907258547137628,0.2778755844308758,0.30772393181481417,0.37673424696014646
0.6293418492823242,0.6569936172236329,0.39978476290213233,0.8727136461040341,0.831606311944709,0.8489939388937704,0.12253205624105834,0.12639899188672937,0.2329043085244752,0.46372981246035405,0.33812954457160926,0.6215831086491238,0.4819667832629691,0.31752634203415064,0.9296642607521015,0.6719549750073038,0.8747371408903089,0.8596397503586061,0.7624607957431137,0.6934284178865688,0.8953339568916377,0.5400340709562879,0.4029433183330259,0.31700160177207526,0.6443301654020855,0.25146015002243643,0.6317967155165325,0.7228602577982207,0.5631459863772282,0.2516485014241022,0.44817312295285655,0.542312974215422,0.3204738306831816,0.5223198687538134,0.28050315156104727,0.38056888804041555
0.5334860827438425,0.7459132461323753,0.4611861969091935,0.7938200781087597,0.8420580721667771,0.7994176364804978,0.12321265821042338,0.12633564776912065,0.22855643299970924,0.4613965923170894,0.332931301215445,0.6194330569637613,0.46724864774626285,0.31966668599176346,0.9181725150961916,0.6650818494506966,0.8624841229444786,0.8439566101151574,0.736729231249339,0.6648508389142754,0.8349989695373854,0.6435373227543368,0.3831134929125919,0.30273710264791154,0.6109007206975824,0.2638591000926893,0.5874142403065358,0.788760360011499,0.3802622405111584,0.39819437265566454,0.4318186896122911,0.5425966788506559,0.4691458324021128,0.3662201987353255,0.2643810560942455,0.3841264705881605
0.5986445300289323,0.6437015616573979,0.4015909542380621,0.838794183765749,0.8658204443971058,0.7423570557497837,0.11930461102751788,0.12262891738437265,0.22500430365385948,0.4577568841252102,0.3264901040688053,0.6186060548974506,0.4612649016947007,0.30064382995428784,0.8991064754805649,0.6519394689889118,0.8415021711060089,0.8175290225782077,0.7228134335889966,0.6381681647363271,0.7337304184806379,0.7409441221737024,0.37330505661371927,0.2956707129921394,0.688331791365614,0.2217228483417909,0.716427698742503,0.7361046226998891,0.34368060450182236,0.3507227449989423,0.48815328577880496,0.5543983051177211,0.41872334940216616,0.4389054883815863,0.33543178056243284,0.4017238793002347
0.5763371747838433,0.7197029847929943,0.44552920636813004,0.8176674559564893,0.8498279279087255,0.746126005848235,0.113327925103403,0.11705294836883967,0.21874644868667342,0.4499580624024604,0.3180796797457889,0.6110970650343552,0.4418938135028144,0.300366335263366,0.9051726071338809,0.6411559115557315,0.8461225029387692,0.8274184857239489,0.7283700517131317,0.6284780995384153,0.7373051302161678,0.7344829365433317,0.3841593546739419,0.3010105097150344,0.6144656511401252,0.27435568333689375,0.7016286174540831,0.7988880454340097,0.40708698898288476,0.4037454419973144,0.4872805965083485,0.5288110553154232,0.4147909379106191,0.47281094957367276,0.32728430180611623,0.3959388963635321
0.649941300005623,0.6131419448931503,0.4384161261952053,0.8114965934311388,0.8202155304527415,0.7443215607527172,0.10243142041360875,0.10791677587516751,0.2096039935334359,0.4401533870660675,0.3107459038238523,0.6076182735657023,0.4346747674687874,0.2722163120293973,0.9061679027260419,0.6432387073456295,0.8536875587041328,0.8316590401912893,0.7251481248015891,0.6320114069009206,0.7557229039579949,0.7069407225416554,0.3874675540167647,0.2994026176789514,0.675395413932411,0.20534410051432456,0.7234433123572241,0.7599575550710562,0.07051115582555817,0.822482501079943,0.4746845976774094,0.5501893704005256,0.4045552171985015,0.5254443449220886,0.32309652937860583,0.40380778649569316
0.5833498525654492,0.7400832929340766,0.4560589651051602,0.7998049117205659,0.8285321163630297,0.7592646562879803,0.10230810088682546,0.10653300574478552,0.20657023099925276,0.4390703722866543,0.309060332074939,0.6054345801985802,0.43916276129348075,0.2778410406221322,0.9256000802449182,0.6525335100745134,0.876523613288761,0.8622062539285413,0.7434687465687744,0.6559377965833374,0.7382712469542437,0.7605508597573227,0.40644455951428593,0.31519676630852583,0.7147331876714336,0.20125707204154925,0.6885167485797035,0.7815733138875732,0.4719815436948604,0.3974377674967754,0.45172933291110007,0.5435342181230701,0.5970941158490319,0.3034694032659769,0.2995603724232584,0.4121964364071642
0.5521754691658013,0.7596685006077626,0.4012619492223909,0.8712906164064986,0.8313574109522652,0.730033421609923,0.0984710777156817,0.10344928640868678,0.2067469241307111,0.43914080099202024,0.3073310064850719,0.6043284530729892,0.4207290966990767,0.2870416916053665,0.9108632957155421,0.6400395244376098,0.8576966655715157,0.8415007627995355,0.716564397641412,0.6329663006333148,0.8264304583633488,0.5290795544239869,0.38570672363614344,0.3014293139933374,0.6415492177510848,0.2409294977281833,0.6739478348090201,0.7768142883086854,0.4696208752214772,0.44458091706112673,0.4303436066722217,0.5454568197512536,0.36091783390347865,0.4826907018664048,0.2680487485675266,0.42234032668471133
0.6140177609584762,0.6541927467088444,0.41184154067076895,0.8380207949111712,0.8012304995255793,0.7958727769567271,0.09666733253430415,0.10023537019430667,0.20259561571040374,0.43649887703548557,0.3031174144675898,0.602520338988071,0.42424095226545994,0.2637983259297669,0.903531837204295,0.6332554822555162,0.8493305945591806,0.8319897863899222,0.7073582524401194,0.6302221648858694,0.7124449980978277,0.7954169176887833,0.37690319578065284,0.2976630115649174,0.6630650586447737,0.23716350326402952,0.6363278105077159,0.8118092585516501,0.35622960844330004,0.4987892502882019,0.4039169995916527,0.5514382634842779,0.49431509604128737,0.38468401540384917,0.23770959797448454,0.41747670444977814
0.5630714981554066,0.7362103729314502,0.4479239286319727,0.7896839924584708,0.780831706606338,0.828244015883571,0.09746776722379319,0.10122711153443548,0.20117433440694749,0.43448942526595113,0.3031608244079852,0.6041996504468192,0.42631591910266825,0.2705483852565966,0.9017953458153287,0.6264763294118117,0.8467861362248235,0.8274442794886375,0.7071375674043294,0.6197289014908235,0.7107975506367852,0.792285311289685,0.3768287705737452,0.2929213496481792,0.6575857705039285,0.22689389597511272,0.6881315926193707,0.8276608262396579,0.4519374022001091,0.27735410914167147,0.4747725278769624,0.5349164099786706,0.37925524142658595,0.5081446093945455,0.3190869242060189,0.4405795510001094
0.5993429960692582,0.7447700927136662,0.3945394755841064,0.8603116753694312,0.8759885179102467,0.6499904122539015,0.10588722015658991,0.10497734018791977,0.20886560503060964,0.4412705859776156,0.31373610521923234,0.6060707703812092,0.42750081720837374,0.2784669680895084,0.902783411740337,0.6266829843073565,0.8462375721686154,0.8307797172364856,0.7259362717262384,0.6333189040540084,0.7607168926084894,0.6908728393258852,0.39513082202785665,0.3068001074457497,0.7021532395183876,0.22498418585037766,0.7650609065320041,0.762302230054221,0.39565480665799724,0.41621911252915395,0.47496324188069694,0.5514646304304444,0.44644638111440793,0.46655495180324946,0.3382618302761717,0.4451226026056959
0.6176248805798701,0.7393776113390188,0.4490457016237334,0.8277190629234641,0.8428408312546838,0.7499619805547667,0.10592188740451458,0.10274155792983869,0.20615669402957432,0.43928832829185976,0.3129907810445167,0.6057170413564227,0.4192539309841199,0.2822584088063606,0.8983244880636304,0.6228077066789075,0.8409938782506199,0.8212147870428809,0.7034488573490021,0.627412900927599,0.7286041346518463,0.8062073860458259,0.38610702646963185,0.29926325515247076,0.6455688828163607,0.2500247165551823,0.7597351271413587,0.7645872486020535,0.4005849368381143,0.42778840527441325,0.45776191134011396,0.5611109927057317,0.48869975315628306,0.41704304432859024,0.32624201322521007,0.4353832585404595
0.5736086138064274,0.825826747459661,0.37730335704012397,0.9166067532374214,0.8251912971964079,0.8054058643025266,0.10518112635912752,0.10508717919372024,0.20866364412278776,0.4385674038877046,0.3136034745298287,0.6072194564303429,0.43070657754704833,0.2754889941624981,0.9046258581401647,0.6259050591580888,0.8473089306761894,0.8258258860235305,0.7319558957171477,0.6372313965128913,0.7834095984784559,0.6824397894089911,0.4002039909107351,0.31423936759700294,0.6712602185511474,0.2476734425868986,0.7228491206066421,0.8022894904073641,0.507958923201067,0.2449793999032885,0.4539986257430449,0.54654330649431,0.5531984823983808,0.3245379657481026,0.3100168255515076,0.4342771847806216
0.6884791353219344,0.6374955737824175,0.4359361375166089,0.8358559250828081,0.8211585241231878,0.7421915560187542,0.10233564148577784,0.10443015493603536,0.20872681868474324,0.44147685684292626,0.3155957015091726,0.6069333961259082,0.43259627968290365,0.2773772805455391,0.9052093644271464,0.6237430099464769,0.846375860990777,0.8268962884368367,0.732283878221967,0.630457873122996,0.7665998947808104,0.6978654781428274,0.39571131309625573,0.3086226405447583,0.6601632223108009,0.24102457425829074,0.698994277413407,0.7755646253532493,0.5492556238393381,0.21594225033497283,0.4273800093463811,0.553425584782682,0.26863006490174823,0.6393110978462271,0.2805910312801498,0.44351502962968203
0.6262483725146111,0.6857593134921449,0.445838114926731,0.8122037400350004,0.8300609389259576,0.7382757056644733,0.10775748870909518,0.10484736075313345,0.21029851356443696,0.44234868579336384,0.31442818187189203,0.6079470286460466,0.42698916491514305,0.28577570481141734,0.9001484386278757,0.6270995465085847,0.8416827440945778,0.8212532718231866,0.7276825475428285,0.6170560174424695,0.8373722019545611,0.656855071583582,0.3829780013952265,0.29720581673966173,0.6257919372723761,0.2639256865096001,0.6573006348771935,0.8016920356811676,0.41277476933396884,0.3597296026730074,0.4131803953412797,0.5565205828098663,0.3886552405623648,0.5834013073901285,0.25145378086729586,0.4477026968813062
0.5858252014818428,0.7138653419483552,0.4137981248457492,0.847336211065916,0.8396035162773313,0.7248833377798337,0.1081971097271322,0.1069480687172063,0.21126834192761068,0.44593162052097796,0.3143565856223036,0.6086649781944644,0.43395757647330024,0.2852879962923984,0.903138532743406,0.622530647684252,0.8426546856647965,0.8245903529656866,0.7165763968688713,0.6386268068500444,0.7881317438053679,0.6454383613931352,0.3901772699190821,0.30753921995967626,0.6176325702653214,0.2516873217318975,0.6080470347971201,0.821780479875601,0.46974654149830314,0.3518053417655726,0.40844410622347505,0.5513860953289061,0.39871486557912184,0.38873006027754503,0.26266420587548206,0.44973671222386075
0.6419580768960302,0.6592407517500495,0.45077303804538615,0.8296318136369344,0.8236859260560598,0.7897325862947302,0.11425063108426825,0.11414463190934765,0.21863130396377856,0.45439080969351775,0.32778162132077215,0.6155366447878275,0.4352279316484294,0.3042893129495109,0.8913758738472539,0.6297250544549293,0.8351475908445087,0.8124467787191754,0.7207638647356169,0.6332945181367693,0.7447974254131262,0.7549470784439265,0.38186294799048137,0.3011084825696807,0.6366951558762911,0.25560193090070316,0.6875328769521409,0.8091798953938734,0.4700545758844031,0.3269655912214464,0.46265518217199564,0.559371321908576,0.42963092333094555,0.4823353779238569,0.32144428575563283,0.46027980749444425
0.6747106490598725,0.6459501411950244,0.48814483888171933,0.8095653356823553,0.8529337542630304,0.7683299955854517,0.11924188982873007,0.11674425781534797,0.21957931739571412,0.45346979327268166,0.3268562144120563,0.6125608208930543,0.4371035730914681,0.30334657601486736,0.8942440669488019,0.6240204613069262,0.8344599194167164,0.814128333689353,0.7252195154157319,0.6315305441090824,0.7188752591652322,0.8055338133646192,0.3863600192159111,0.30273247539202086,0.6312169196558214,0.25959829005038976,0.6980047665984124,0.7917757241544532,0.38597730916981793,0.31302987672399135,0.44598051466960853,0.5611268601666594,0.35846024076863325,0.5148375832791877,0.3124965773627569,0.4516110415704624
0.5988426829235572,0.7730076373790461,0.48106505953377976,0.8098409551551453,0.8912989554023514,0.6299419568429157,0.11735816577008484,0.1151232985622258,0.2247258606522281,0.456523728533412,0.3338865863091599,0.6149143888947021,0.44217625783676195,0.29243335570878637,0.9030892432979055,0.6270341062924378,0.8410242218479236,0.8224723608774472,0.7547197152039701,0.6629452384047878,0.7699114792389222,0.7774261639393045,0.41245337743086186,0.32676007619500724,0.6588369750851035,0.2602859706803038,0.6702618923192566,0.7490389445793114,0.2427517985482042,0.6028267973714758,0.45020617364018717,0.5589282150767845,0.5115077402469206,0.4011253112594495,0.307054199611121,0.44798646207830883
0.6694801951337792,0.6263345846427172,0.5587784188143466,0.7503489647652417,0.8209084765032656,0.8511442618766702,0.12171769202770227,0.12012983506829039,0.22848102458027514,0.45970648815856474,0.337438437113441,0.6125650530538285,0.4393418158834941,0.305607330189958,0.9097151049439106,0.63304805382396,0.8483971601709244,0.8332197174931293,0.7570626228763933,0.6716069695224955,0.7741032861628524,0.781555376665291,0.4088871119919448,0.31957622558076426,0.6502756658221459,0.27105832387924156,0.6599785199253267,0.7232168012935454,0.7071854575737679,0.18159017419057047,0.43189528510673525,0.5530626893346179,0.6633759676960654,0.3934546889744253,0.281496732652477,0.4509945406776894
0.6561161771648952,0.7071483705569682,0.5254906830522099,0.8077894982617745,0.8553190682962211,0.7765036291765691,0.12648449152142427,0.1255557949398976,0.2368496503283984,0.46908192441208635,0.3469286485748916,0.6120323139057335,0.44949250015374176,0.30704490782595106,0.9115605290582272,0.6365155487907552,0.847736372848729,0.8339193620513877,0.7590693565051508,0.6926765500381338,0.7697745182170017,0.7407292507520948,0.4143271259894897,0.33398502036895833,0.6410389115298996,0.2838440639976672,0.5810820975068265,0.7708711524381291,0.4991449869284108,0.29891861010789195,0.40636516998205097,0.5655816849540906,0.4052736801040486,0.45719986379766725,0.2524646425455028,0.4575468501634339
0.6027067674395012,0.6925012006884262,0.45986987033550875,0.8225325934312719,0.8276130173807716,0.8419293665959792,0.1273970172614518,0.1255867909271255,0.2370848607370094,0.4706511159459682,0.3455600236395996,0.6061659722374725,0.4508188600848557,0.3045334830815897,0.9203351038580935,0.6403837196484437,0.8572039156222109,0.8415654285825069,0.7753395229963461,0.698528629282907,0.8659456018215175,0.6951411527788693,0.42538062016813377,0.3435228654146717,0.6671783132854178,0.25126190484408883,0.5473582541962246,0.7207841054928036,0.6974398582465153,0.2432102932938111,0.3822328341627749,0.5693058996287588,0.5254295251007624,0.4048330348776453,0.2224708571340093,0.45477537402588347
0.5630212276183659,0.7073637259578743,0.4088557902377296,0.8544881584646943,0.8500368261978317,0.7827737673519364,0.12792766803927558,0.1273568989836193,0.23856202288966505,0.47328789133780214,0.3493941549077023,0.6079594867797449,0.4528750457659253,0.32469320846904337,0.9199874039343603,0.6419833138743811,0.8564233591658125,0.8386719124184531,0.77668645928571,0.7141130298318883,0.8471629381975804,0.6386773715792958,0.42796739088643576,0.3476297185695274,0.6567272282108474,0.26975878839883327,0.5579693238184259,0.7484887233225301,0.44897840860207683,0.4327426834101509,0.4446459844078275,0.5745794032808286,0.5237404068849228,0.4311899496758773,0.2899895410612776,0.4810182262280763
0.6648987755251832,0.638161793744525,0.4390403327044127,0.8702605881142871,0.8840263728580408,0.7569317309811957,0.13449118239442298,0.13314459469841744,0.24396365056870933,0.47792603839360115,0.3564921747573469,0.6059671584864249,0.46013524158702634,0.3335262678645576,0.9346181319530624,0.6488533226638062,0.8680398163057136,0.8518552835060383,0.8047360191208849,0.733679378990044,0.860113271687343,0.6317412662902955,0.44678522771539597,0.35806809877774665,0.6723650387372232,0.266163903730495,0.5563476227589446,0.7271625702853046,0.6379591380317688,0.23408338354208172,0.42403682919234476,0.5763646058241294,0.6272472044267869,0.28028489491029646,0.28425850646224815,0.4732507514893485
0.5618528451106651,0.7936182763287574,0.48093534466829235,0.8420058736945726,0.8382737135536279,0.8821267296528833,0.1342324153502984,0.13209791351331612,0.24614507014957626,0.47941782317526355,0.35761839793271943,0.6068933505917252,0.462712373483929,0.3300672699943546,0.9387159793724538,0.6591319141077364,0.8729313878155625,0.8608283975835742,0.8061271228105461,0.7361890968860956,0.8251581821530849,0.7716614300602884,0.4419876856949415,0.35964480101066854,0.6676713602163258,0.28223698352209614,0.5381066240478034,0.7377795673137941,0.34970081548483145,0.45511899399132283,0.42407375722169494,0.5676310500968432,0.45036929184927904,0.5253578908734442,0.2787365492821793,0.4792239880727469
0.48954053902763506,0.8528061926105736,0.4336758651537975,0.868780470556541,0.8411376427392949,0.8270258802787489,0.13860900742305454,0.1335036103760857,0.24574420902098026,0.4755803841999895,0.3527192989307622,0.6063240361524805,0.45713760711842044,0.3308446289718732,0.944969824578814,0.6653358979479419,0.8802183611664477,0.8669553918450803,0.8044689906727209,0.7391420640810682,0.9055614130883336,0.6153476242985025,0.44268255502884446,0.35346561130331844,0.6572096305671781,0.2713991894133198,0.5369964852928599,0.7141781075763576,0.4487388150503233,0.3261704092498168,0.40714577301177757,0.5711863477516748,0.4425052359630617,0.4065778950495111,0.25889318117026217,0.4761752338339974
0.5546894859934286,0.7427931622845416,0.4574212706861616,0.8427733584102873,0.8158683560411587,0.8822751032290204,0.13513495183795737,0.13323629517295765,0.24436411012186815,0.4758294664237218,0.35224610425001085,0.6072426854800004,0.4624782169999697,0.32740760393537466,0.939536217406921,0.6608281833319674,0.8727918242586079,0.860528833630902,0.7967819909816626,0.733357399976813,0.8964841119583107,0.5584605295172532,0.43499353316105244,0.35273384634755556,0.6486147167866274,0.2720283197970498,0.4781916477529503,0.7518011157239386,0.31405305929767163,0.411722737301027,0.3853183251503445,0.5800170348126028,0.5224150605732677,0.34928702154321384,0.23389278542744169,0.4814422839659923
0.5746885149007487,0.6743827324595678,0.4082145384377468,0.870286596405674,0.8299998983087876,0.8387241938263676,0.13080496742017683,0.12884632775461713,0.24255053319499492,0.4738087371448432,0.3479039597595259,0.606076864605205,0.4710080819715726,0.3177975325958497,0.9510490005625853,0.6692841952877302,0.8891957682821336,0.8776805344897152,0.7946539147609469,0.7566646873971198,0.8540677983103809,0.7298684497749894,0.4469819162950114,0.3601904662601393,0.6524876267079969,0.29423953432418637,0.44489246175999697,0.7626031881640383,0.38743277775896123,0.3942895399745173,0.3596641406367297,0.5868397671457048,0.39322091736327264,0.4390833529390723,0.20366924002830042,0.49200118317633756
0.5368790562655484,0.7198013572607013,0.40345221492612277,0.8407224216230356,0.8560892973220189,0.7334825442804758,0.12397125509079443,0.12160149709637486,0.23859265941903607,0.4683155450883015,0.341368238000799,0.6054076979523588,0.4633330280440195,0.31951505658808876,0.9496912400733879,0.6769028998159994,0.8930119735438742,0.8857314034288404,0.7875596130248068,0.7432883941495643,0.8630598421328459,0.7154462688880129,0.438200509491955,0.34946171490264155,0.649512581328142,0.2727458897472289,0.48983080093628023,0.7747496672494236,0.5034209180495414,0.2557902685629854,0.42055225566764287,0.6024646588655547,0.5812725927694804,0.4754046568882791,0.28125942350113853,0.516617456398507
0.5117637750729894,0.8283320089684407,0.44177302608803826,0.8567273557342973,0.8790601826888104,0.7006715066987722,0.12768924084799038,0.12355596906798161,0.2425964220540805,0.4709819826790151,0.3468547431585388,0.6073487620836926,0.46208349640062263,0.32697257099747673,0.9401299048504808,0.6624868375330271,0.8828861477009764,0.8708195908734953,0.7913038657359672,0.7170138118953828,0.9009880585349199,0.6043376688419344,0.43239563395061686,0.3444260349468381,0.659103944300835,0.27616960845800886,0.5187859953583904,0.8001605811289647,0.5600610734207967,0.30331029715990915,0.42281722903447977,0.6014536280631311,0.23836134379672558,0.615598487316039,0.29791059571746703,0.5157237510130213
0.4923542300923246,0.8194750202820196,0.4168564507420086,0.886118744200683,0.8550729826316084,0.7488833274445115,0.12157006040023144,0.11848386217788787,0.24587188047736608,0.4704711589196616,0.34739559963361305,0.6098341922406099,0.45594803431028696,0.3285577761688321,0.937540252372592,0.6497335351379161,0.8763710521443688,0.8640230868038206,0.7802206153718788,0.7097013174481794,0.870438192449249,0.6364039203448164,0.42458172385781723,0.34281267876974075,0.6426639091784592,0.289456891090884,0.4865632699257704,0.8271287614968958,0.2653902094557059,0.4387009715426944,0.4211538233586136,0.5910178110310321,0.5531927825548384,0.3068819777370905,0.29085246488727795,0.5078812182909812
0.5287448094450229,0.7633909662781639,0.39969525577207043,0.8845416835777038,0.8601038247278229,0.7677368977734739,0.12137832523411413,0.11703140237398268,0.24802460606009474,0.47064730723100134,0.34665710503115144,0.6076267526795409,0.45706421309147327,0.3379015869061881,0.9453616777655701,0.6588120753592384,0.8853861995166308,0.8737117492350459,0.8038847936499389,0.7227407553553008,0.8638718275825452,0.6639778018443685,0.4390643528806547,0.3510691875860926,0.7101243337483513,0.24929291283476046,0.48061067536431296,0.8144820599212057,0.43085233472694495,0.26635943640595017,0.4076802865827305,0.6001286402415614,0.37659682402434635,0.613840131188144,0.27565910615470673,0.5163446178768073
0.5224955827005949,0.7821433763681517,0.46668885792578213,0.8093523868956671,0.8699391962782371,0.692475046171895,0.1154478835485474,0.11398940446825678,0.24742488729292567,0.47015659688290257,0.3458680262635717,0.6104934201053116,0.4608130165727091,0.3164635166996025,0.9321140386610769,0.6440679916888724,0.8689138644350829,0.8549397555898044,0.776876179490182,0.6959299094187388,0.7854233872750609,0.7854811739977896,0.41420548001401647,0.33407647962255416,0.6970217985525067,0.24612203483258568,0.4690475212304911,0.8051977120955854,0.44534729371470533,0.3443249898542413,0.3814000152131735,0.6255629310527125,0.33056997668240995,0.5564843486176958,0.25224026276095435,0.5134112255107197
0.4540456689264614,0.8113041481314938,0.42922114115483545,0.8240249262436786,0.8889571347825854,0.6380346247704397,0.11531280173823277,0.11299627218348823,0.24470166232829077,0.4658580408782036,0.3399590844869652,0.6063267821834669,0.46124486737824716,0.31645437832881484,0.9340974818363065,0.6451619448244157,0.871527186889428,0.8597473808372837,0.7817282246734994,0.6972850954310884,0.8450761152923083,0.6620475246725765,0.4155563152597098,0.3358815659181579,0.6618168581740108,0.25074870148494066,0.45610792848098425,0.7704209156310893,0.30884924063050284,0.5154859344991662,0.36303363956558726,0.6240303327998289,0.3021437918554465,0.4922070604006181,0.22836823385079846,0.5178693699390748
0.5123437396604658,0.7423130381654552,0.3989284031407494,0.8669318864269826,0.8683397086049233,0.7270565219190657,0.11967185814411907,0.11940275591164046,0.25152880494519636,0.4775431545520448,0.3478918384502371,0.610109086138809,0.46968020775218355,0.3232542325129392,0.9353835829548615,0.6517124954435627,0.8722802764010766,0.8605338786853507,0.7803358548599693,0.7081224688124974,0.8308920436681296,0.736726264263103,0.41630059962116384,0.3376042007371486,0.6143109578086959,0.2973568396888935,0.417704648315613,0.8163581676536228,0.4987944937037181,0.3688601016720639,0.37695968081011283,0.640170043292211,0.40173399219826844,0.4041981610877289,0.26548803410009614,0.5388950657582547
0.5280731727076087,0.7247865672135037,0.4349767992104093,0.819792878180317,0.845324825567846,0.804180255288717,0.12282520523508195,0.12364798869295524,0.2563294718376831,0.48306772777673446,0.35097936108395744,0.6112438849849402,0.47496838145887105,0.33164635485819605,0.9384705685039592,0.6557437431706061,0.8768009596263773,0.8655263281987735,0.7837697571540856,0.7342662045779929,0.8608829221150722,0.644194725823593,0.4342806879062634,0.3510141081866804,0.6953320081957595,0.25012488608526195,0.4904984595992334,0.7878942135370233,0.22129296854750435,0.6442487008646172,0.42349840459593924,0.6419107526687208,0.5665407825669851,0.3146860087202662,0.3159314314622663,0.5343119162857933
0.6420361280850583,0.5868749391475969,0.45321702043753753,0.8032185609037172,0.8417436482295401,0.7972825423887154,0.12336907379408796,0.12131282715310071,0.2607930631952431,0.48028866210474686,0.35490219848683446,0.6125734959418427,0.4774907317312771,0.32187694678686507,0.9258680061127014,0.6441603064493768,0.8599573930478959,0.8478418935657293,0.7769803821089948,0.6881398512462602,0.8655720712622554,0.6472481102478107,0.41355969047519736,0.3283053795366232,0.6419431483966839,0.29656284313158654,0.5032594038669909,0.8186565415947034,0.5018087441430201,0.40153982342532357,0.42070685264279395,0.6397289229030896,0.7671452590149455,0.25231456574541705,0.3111726397944525,0.526321905237685
0.5761060276211246,0.7216217108921545,0.4892414675331005,0.7781005262188919,0.8082614149501105,0.8377875618400046,0.11776087159123844,0.11769871540112853,0.2588964214336346,0.4798700593460321,0.3539285928241434,0.6128578085059584,0.46817713461717464,0.3214926038808737,0.9212937642282462,0.631314383688754,0.8529349651117635,0.8358066403446232,0.7700697630626504,0.694286926446379,0.76849371757466,0.7933648659949231,0.4143086098119981,0.3321151542189097,0.6805592979841796,0.2787865040354811,0.5089842466340584,0.7927327644213082,0.5601156559788742,0.3438359098908588,0.42791058964907613,0.6425357934849593,0.22326064876129753,0.6170301090970863,0.3061278736508883,0.5243813885834787
0.5611117689196269,0.7039890546649444,0.3934561288489402,0.8751392575268391,0.8105582582508432,0.8432471658998835,0.11973371585253784,0.12003235074424257,0.26368987501051777,0.4806950503673618,0.35652106365489067,0.6130032412725626,0.47336014254017883,0.3202333214409002,0.9162107508971191,0.6289469530941717,0.8457936198687828,0.8270927206725186,0.7764660832359289,0.6748692602674595,0.8604047734940498,0.6002062204863456,0.4080960449678188,0.32702216872333945,0.6652523266026712,0.27830410415392065,0.4742161099051048,0.8084118265865321,0.17413868252856776,0.7776472331465791,0.4009842878022829,0.6633865789147482,0.4123837051848203,0.46247940304261026,0.2847006767156136,0.5210374408588021
0.6007875815592706,0.6169870228456884,0.35278101358893144,0.8867191991551431,0.8588163371959521,0.749365417842228,0.1175058021538179,0.11860365473638557,0.26356213700919534,0.48179159191489856,0.35356885571018515,0.6110397053368617,0.4659696774101026,0.3235220508195673,0.923959744429456,0.6293849640545444,0.8522684864239493,0.8377205665784672,0.7711339479880991,0.6984435249902478,0.8625732951949805,0.6390987666816837,0.4145010534921704,0.3353479084980477,0.6591438707492707,0.2795259783307227,0.43151146518265815,0.8206080565645252,0.4597491630871235,0.23604013680937683,0.3835818212785586,0.6563624248757165,0.38147417144669316,0.46480725585860133,0.25771784268662223,0.5223796847083513
0.5433105816531926,0.7023878135456596,0.4554866430181868,0.8050423561889748,0.832430382288104,0.7902767586108835,0.1152006632716826,0.11942437428141267,0.262978165573232,0.484260666781022,0.35346630531906764,0.6116170395662788,0.46544111551576883,0.32046550363815574,0.9164554602356314,0.6379793968718815,0.8503443213675643,0.8350094216707333,0.7622933652665139,0.695967247107411,0.7915571259000411,0.7641766133240412,0.406792473518247,0.33586066982657997,0.6378834481293899,0.2744351189277786,0.40259540043700426,0.8215366414880628,0.705697861607437,0.1775356366283453,0.3661038284655229,0.66566156283314,0.5260380663813778,0.49419353666159915,0.23087550969671164,0.5169175667512348
0.5549126689260249,0.609337817413149,0.3297470958698978,0.884409110768234,0.843327754560607,0.7312800073516663,0.11481635024713133,0.12064451474597443,0.2588942807043053,0.48126901680771883,0.3501767948422361,0.6099682410609366,0.4743406559311485,0.31920100094115916,0.9273744935482922,0.6370230088801305,0.8590439701251267,0.8476625499438988,0.7763335862102756,0.7026902620880175,0.8829225183821892,0.548420555570344,0.4157681143418098,0.3366074262494083,0.6661456022912972,0.27583775948122796,0.4622925235059205,0.7779977361737744,0.41815350000363044,0.5123350421919217,0.41674236492983163,0.683772669647351,0.49413981541603585,0.4578165474862868,0.3000905808189068,0.5457719464561264
0.5923724196249833,0.6799396084324294,0.48467044092076406,0.7868752540882828,0.8006661567036092,0.8654783352697263,0.12296014597643751,0.12731990594535386,0.26771488062481047,0.4890953113673425,0.35618340012245936,0.6112522332960987,0.4795192343985123,0.3292319151740047,0.9285763112345591,0.6428509606955464,0.8617289367436076,0.8496619373863463,0.7766723483964941,0.741023489050168,0.799153349211579,0.8385116704015148,0.43079608462062624,0.3498810603440874,0.6791303759680822,0.2678618712044863,0.4752026161395352,0.8015676306660926,0.493801359356698,0.3076998458543177,0.4298599027189176,0.6687843757367926,0.31969751322209494,0.6420882644696848,0.31968132095070895,0.540052486538315
0.5874393281575683,0.6760208471986022,0.40995550009293524,0.8741071475372761,0.8618010442742305,0.7438789929582025,0.12299445456811159,0.128690841630469,0.2764183385059946,0.4941699003455662,0.3646134700168745,0.612017337357432,0.47429033674547116,0.33325008791654676,0.9203593451481262,0.6456356074143816,0.8537447658560164,0.8406239620019564,0.7788147640747003,0.7099058646645807,0.8433910960698945,0.6419160798600263,0.4169366622658044,0.3388516927482501,0.6755012658319235,0.2578234181983393,0.4643417542848055,0.8008661680542387,0.16024000889907936,0.6548165281356554,0.41975696034562965,0.6691530870580328,0.5924981328355027,0.34888472826317435,0.309586879991379,0.5278020622469967
0.5597776440525597,0.6576344562387435,0.4569477690005357,0.8150876590747559,0.854800887047015,0.7818868341397269,0.1306105690469751,0.13509170078942623,0.2782969482232565,0.49903252881632965,0.3633255860551977,0.6098768533405854,0.4803250002532232,0.3371101724460907,0.9321967429353342,0.6580860440013565,0.8645600367064876,0.8520228226654731,0.7957200862482349,0.7506023144819578,0.8745619719487756,0.6300095885352406,0.44084457618328876,0.35926525281535954,0.6451927131129402,0.2918158082739155,0.4398824795296978,0.8241275707727558,0.36535018275033676,0.39694936145027127,0.41061697460467217,0.6726099349292158,0.41434642347137035,0.5134354588933598,0.29656065748091265,0.5260247434082251
0.6101870479979817,0.5784587628026089,0.437919912638461,0.8373189289323479,0.8617225454123132,0.810090780571282,0.13194747665591128,0.1383403697048653,0.28087890837086316,0.5047878878344141,0.3678115398466244,0.6104048090650419,0.48334355572361065,0.3447433477684447,0.9281292914527572,0.6654955227755432,0.8635858826971438,0.8490776988038466,0.7929350187185364,0.744530737778107,0.8691410960796839,0.6950585797191211,0.43647126663371216,0.36010104032886636,0.6395308696583689,0.30479044639652797,0.4239458685220338,0.7912640417086925,0.7036706628738523,0.2209005686059176,0.3908770993730793,0.6837900018641185,0.48188074542680187,0.4183861701957172,0.27132438634962674,0.530011038931805
0.43262999484787,0.83730803490285,0.426494082822534,0.8681477357376837,0.893801993622823,0.7699884364177066,0.13683208742812936,0.14178851595449982,0.28283959155260596,0.5081845458907841,0.36991921000252204,0.611672120851059,0.48110237092347646,0.34951933964547527,0.9352687193038443,0.67148345793968,0.8648062845745099,0.8574427432893841,0.7983827728062218,0.7597677656882904,0.8564333724122787,0.7347349923892605,0.4371996557229645,0.3601760545754882,0.6576204738494668,0.2737352064195217,0.4237126190516771,0.7403608768095865,0.28988802240846595,0.6008518101878644,0.3777804047151035,0.6704000511248231,0.3291214017686068,0.5044440722185334,0.2471591045411639,0.5276805480762989
0.5066988213568763,0.6832285078783058,0.4325344346148009,0.8316109139339474,0.8452823229759323,0.8413778918032939,0.13713349747685516,0.14555050009296827,0.2804633223126979,0.5068134845127397,0.36299171798912344,0.6121307602401064,0.48234119314406637,0.3510167243788824,0.9406714904348038,0.6733523699359099,0.8670927240428491,0.8604784906021182,0.795545211839094,0.763448255273989,0.8833580088465438,0.6995667814077406,0.4407004175161257,0.36236584191124344,0.6575932126243353,0.2790344412648659,0.379446808517189,0.7894450384059162,0.25339274009751417,0.4284994229690135,0.3479197216486112,0.6840588444290644,0.5149381452425835,0.33592442918247656,0.24653214050665373,0.5281346835136952
0.4959338322789677,0.7454476763485534,0.4306590266732681,0.870785445356979,0.8684552953082638,0.864064564758355,0.14672098202782563,0.15225957804377838,0.2888914140507277,0.5188048433895492,0.3773904671439095,0.6159739622155181,0.48945957567671594,0.3544848234477568,0.9435152258819615,0.6823379048600113,0.8713621016517217,0.8589932410589993,0.8088552514760421,0.7775414044029727,0.8207534136800216,0.8645594286266872,0.4448963334830301,0.36504828695205904,0.6682308051393999,0.2872962860877212,0.42110841605523297,0.8565703993844598,0.585059964716431,0.28747560202163475,0.4209113867476162,0.6764677356951696,0.4295520994848319,0.41211223653187784,0.31093381711864265,0.5436783063682535
0.5282451211792647,0.6936493548555078,0.47544282369984253,0.8432619133410936,0.8839595455474585,0.7912007899204863,0.14492265624569917,0.1503844775261397,0.28744669781154,0.5156184624302457,0.3740475204772438,0.6139876799446218,0.49289831318585864,0.35928095780485114,0.9505006232958069,0.6817537633287177,0.8780030769806598,0.869764233572299,0.8096480108904752,0.7647573967683396,0.873388150706479,0.7048153897191392,0.4476647758134716,0.3604494419098184,0.7128309520906438,0.24139880625411775,0.4716199052426061,0.7691443126091839,0.3102963425288132,0.4238779862942284,0.39682219562955673,0.6795268760863777,0.45802259095203296,0.37011281533262275,0.2951712323340665,0.5364852548432185
0.5913743097056949,0.5818625057384385,0.42566161068022546,0.8460768847134646,0.8238722140023722,0.9578968610479316,0.13986928478306926,0.1489097211913028,0.2866530635025606,0.5152496024264523,0.373638018230522,0.6146368805533271,0.48659066869143885,0.3498812259712031,0.9374489661181529,0.6774510873994791,0.865197313921149,0.8514486844506308,0.7771807190031457,0.7499105489289166,0.8391413771786302,0.7237888345831913,0.4273701389725082,0.3457869358500889,0.6337714832563505,0.28882658901295244,0.4558129084153659,0.8366057436201125,0.3468839429861949,0.38551091304631707,0.4010646005277276,0.6777355020964346,0.3849147654668535,0.43648769159346695,0.29256644781197577,0.5361346468055808
0.5164256640539784,0.6898701208561462,0.43731919739172154,0.8744018726574394,0.871549005533368,0.8137058420255462,0.13830360206179648,0.14759817509458528,0.28166436592855226,0.511022362645626,0.3635858942240565,0.6110212358875149,0.4846925551739445,0.34941266148051386,0.9435876292699092,0.6700830389246428,0.8691274449089806,0.8573947117871734,0.7915001295604401,0.732814811010239,0.8117483125998068,0.7313841252996933,0.4281641918350103,0.3441333015410933,0.6515687612090604,0.2815794919234842,0.4443132763893957,0.8648206690898176,0.5249140820683058,0.30653593415080027,0.37103631263615944,0.7065915384670547,0.4877146700968316,0.4893035137163852,0.2699176072783999,0.5394419841043736
0.42798840030319407,0.7827561464924777,0.393350536651373,0.8762481617783859,0.8752825996644955,0.7730521750900342,0.13174883391999942,0.14486498927579744,0.27773478853054817,0.5081180969438823,0.3600094134593087,0.6119518816559107,0.4770527813500784,0.34422789284718147,0.9392005189647478,0.6664595096909667,0.8662546066141483,0.8519367968845566,0.7763904681404745,0.7297001836031514,0.8840443816835131,0.6564468506186911,0.4188412774613455,0.33806591795050944,0.6483396411258778,0.27709404068009347,0.4277063487651074,0.8618790109513292,0.5900302417179027,0.3452509711022151,0.3591210174275563,0.6881765245749097,0.5683816050646955,0.415128327238556,0.24514372989576041,0.5422716019966853
0.537041293808774,0.6546563073780645,0.43709047488074415,0.8349899195626285,0.8636498136611521,0.7984691403736875,0.13118128270012896,0.14279884112124824,0.276629709251564,0.5067837351108234,0.3621526114374695,0.6099676361940555,0.47470564481291166,0.3454645675553905,0.9410242667777281,0.6680893512714666,0.8696696459401634,0.8598718157003326,0.7712572683137803,0.7330593730278401,0.8494097795904858,0.693675170147025,0.41466576192566984,0.3359266867806264,0.626899312443806,0.2727664556762024,0.40735967431345266,0.8575190459936959,0.3678413101378531,0.38775145622207113,0.3309082712423599,0.6870124676172127,0.40773733954267743,0.45963353383793426,0.21403835387845352,0.5503768033933686
0.539565188998457,0.6006542316405815,0.42074702371960093,0.8232829302264565,0.8171855321015258,0.920409602714136,0.13072976701287592,0.14105349010774587,0.26649908055125615,0.4999790918887533,0.3533854581645639,0.6092094322570751,0.4740747761746556,0.33518990987162944,0.9328257637700526,0.6599280017283996,0.8638146506990496,0.849815963488241,0.7492930984492758,0.7005823711315327,0.8495783441848495,0.5673447803733149,0.391976788769561,0.31658929654419576,0.6323859012239871,0.255772076231072,0.4852737411579635,0.8643228917445764,0.277779423826649,0.7274927850012506,0.39677225655614623,0.712006268420449,0.329690185860581,0.604802109773886,0.2931911204834864,0.5762377238642499
0.5330302600879978,0.6727077958421707,0.4606662613630863,0.8037810017474107,0.8474491048032944,0.8820375694334401,0.13084688092812913,0.1413913601416235,0.2689549735183955,0.5039799592336913,0.35299236754767405,0.6057820203364942,0.4768719564976613,0.3333376811578713,0.9288338486548473,0.6518693279003571,0.8586698529321624,0.8438516576819156,0.7667115535668221,0.7064407932218453,0.7582940353209746,0.8361265385960398,0.4131872306553963,0.32975159825296535,0.6499875780043478,0.2581642030462943,0.5460671402047546,0.8557180990605318,0.36371186581005377,0.4130020941037773,0.40480716302717734,0.6878619508126329,0.5210902385616911,0.43544492206255414,0.33016343709453855,0.566691681938264
0.5033503230399827,0.721331385556468,0.4721038580808161,0.8202437994332823,0.9195512464124586,0.7865896171473643,0.1327273433940817,0.14956120408760354,0.2860159982212712,0.5243770524560483,0.36478324035560095,0.608014347831598,0.48429447050998187,0.3330695585653656,0.9434150980541216,0.7007538080004889,0.8994083490193058,0.8870343724671953,0.7612137843141614,0.7296300846239542,0.8086894153731446,0.7546991815091972,0.39505711253377673,0.309827675961703,0.6452475627732362,0.2521040744299646,0.5643260015367534,0.8469488304881938,0.42084753537445274,0.460688266012863,0.38556061346205917,0.6827326066725586,0.33214421691865115,0.4753088354889816,0.3373233110368649,0.5805427080879111
0.5629106619474464,0.7079797937423538,0.439149769815396,0.8633673781068416,0.9071630266322102,0.7041502181082497,0.11238850929409627,0.12946589007643267,0.2565875896070948,0.4936709190616619,0.3380223609851553,0.6032012665941107,0.451430300118162,0.31817482418904797,0.9035048897849685,0.6423482376189615,0.846820941717324,0.8298496823368189,0.725799511314619,0.6561757964345996,0.8548398455469621,0.5477034866406233,0.37620198587716425,0.2960521550554107,0.5990809026938875,0.2689773079855048,0.5940592894267314,0.9108875881447935,0.4032177761423918,0.41580780968252085,0.37800690233537865,0.6821704229449244,0.5964279429935637,0.39623944943380185,0.3141607410194729,0.5645257614265339
0.5271723158967929,0.7048695730015492,0.4647898151912594,0.8109325714715294,0.8735474794827777,0.7823824551082744,0.11783251612406509,0.13033274628109237,0.2518207620164919,0.48970103378621466,0.3418861792957042,0.5982299390960135,0.46806731063780743,0.3244861582777021,0.9414328825492715,0.674792254029385,0.886747447973928,0.8843768623287809,0.7635759778680882,0.7108604952503847,0.7924628457281689,0.8021596486066832,0.4285822865069556,0.3360250443307424,0.6628946101791929,0.2582749796933903,0.5638480244940751,0.8869048162434,0.27496134665907634,0.40675726835094006,0.36032584593949174,0.6859407890991458,0.33161338318628203,0.5298886647785379,0.2851101308310376,0.5622476126912125
0.4659436348084833,0.7583981865913083,0.4132109858477362,0.8800625827162301,0.8596374039346941,0.7802610829409077,0.11804843693554595,0.12768546320272367,0.2621369192867843,0.4967376179132692,0.3335273789391502,0.5983815197229223,0.4624967698584691,0.32411716916900757,0.9182376579514385,0.6566470773575432,0.8545538055364791,0.8393249491283691,0.735556220753359,0.6784209585281924,0.8393302487016141,0.5956140353937078,0.3848174825698109,0.30542155089763656,0.5973011119815783,0.294499284739552,0.515479973645872,0.9304668434410774,0.49073595022532357,0.37975458971254383,0.33382071531375845,0.6943860743449539,0.38465018808586837,0.5197538903416301,0.25653414692524595,0.5592443542033383
0.4840257911486973,0.7152078556023793,0.4418079403772267,0.8392511577327835,0.8178304579465221,0.856635495708423,0.11605466047795382,0.12791287747263053,0.25673327126719314,0.4953850898413033,0.3260993378225825,0.5966605074425165,0.4490032689248551,0.3145249204324781,0.914450025485958,0.6515968381681233,0.8458171453077381,0.8322897790960188,0.732367482407047,0.6740059743945386,0.8176709349474317,0.6148747554257151,0.38930883174261977,0.3120674738338987,0.6063430290306803,0.27652141745654857,0.4943706926853081,0.8769576427585171,0.4994707959882932,0.247268468240224,0.3122549678656071,0.6880515441491158,0.3437754651012458,0.5142747086729769,0.22553409669654884,0.5587993654288427
0.5098630889905069,0.719600788628498,0.4086880773824657,0.8672418499920523,0.8303678466095585,0.756737370806377,0.11710023254418628,0.12710266003677229,0.25588002206018956,0.4928659765638217,0.3307879770066222,0.5988314618220291,0.4522421201163983,0.3151841292893016,0.9156870651190641,0.6529745825138411,0.8490534492810405,0.8349972925337614,0.7365733000013114,0.6762330577902869,0.8078855437977059,0.6919739933777039,0.3905483734417512,0.31374327845459016,0.6162953390039354,0.2851792403001926,0.5641994229819134,0.8765703253297602,0.6378185654954369,0.2480116232112687,0.3812022900259085,0.7047659960068084,0.380605037497159,0.6001040606793467,0.3135633121466861,0.580841516758315
0.570166713018767,0.6552055677538375,0.4699397365936343,0.8092058092909206,0.8279228955189354,0.8751784347814664,0.12127109518318502,0.13118456182134158,0.26199779524056493,0.5000776338159276,0.3384721389168158,0.5990644700300699,0.44381785109923294,0.32887967000505314,0.9177505398323611,0.6552013588247243,0.8504760874920634,0.836484250408666,0.751873032260835,0.6888408966158718,0.8611612966433189,0.6253812388576363,0.4105444548150584,0.32130143186434856,0.671202345306846,0.2683217631404057,0.5977323722392596,0.8960996199661899,0.5116442180321304,0.38722868351566875,0.38474366513608715,0.6881846505305824,0.449819193626242,0.4777761902162618,0.3350584322654126,0.5718707775870406
0.5238605414050868,0.7416253850179255,0.4862907592549329,0.820025923750491,0.875458855955388,0.7265254723645793,0.12009447346248003,0.1279175626196084,0.2607650704961203,0.4979640844588173,0.33878154378142483,0.5995965276352528,0.44238454006007355,0.3126323156006754,0.9095825376677146,0.6562037340039211,0.8437208149582214,0.8252180888687044,0.7390155394114628,0.6756536536776256,0.8257917157752652,0.6487053633608624,0.40090795659509937,0.3162226106181455,0.6489704832936115,0.27513909182368607,0.5894567919162697,0.896507639425963,0.467012377522508,0.34978404782640454,0.37285447073562644,0.6945460468840066,0.4402522922112317,0.4709790068823742,0.3186426613047933,0.5645596679368098
0.5813751511261378,0.6822661378168116,0.45197559137408094,0.8430648471481378,0.8330520205156453,0.8151933957338422,0.12305502179635563,0.13109829250567945,0.26152840436596203,0.4983869173492004,0.3386204740767518,0.5987798858662957,0.43950351615698424,0.31106918984633153,0.9115676479969514,0.6567943894887494,0.8435830818040306,0.8225898425425298,0.7372035940320046,0.7023181339380501,0.7776430488731099,0.7882775089678987,0.410863172015837,0.3287090475087916,0.6422086886801134,0.27685342562459647,0.5703423420878185,0.8909051238653823,0.40627489721423277,0.4038308047580608,0.36180362993327736,0.6904216302319327,0.4068254961444662,0.5227071696636245,0.3037629387447542,0.5597110909788314
0.4868810122067567,0.816058813175178,0.44368145351235294,0.854066534054448,0.800348346039674,0.9188932816786815,0.12002980961692722,0.12995803416379614,0.26295461942217074,0.5012284393184385,0.3437833458245301,0.59920647789263,0.4340550606162692,0.31366599620571456,0.9115681647426745,0.6537399426611659,0.8393608361025535,0.8226553256104752,0.7481836413627383,0.6969300974862718,0.8024413477733924,0.6671699281726992,0.4155527657172493,0.3302198116943978,0.6549490483119741,0.27563207488162556,0.5591083301061306,0.8212478108101101,0.37952658771526987,0.4756395832582784,0.332959264705469,0.7124610863830573,0.41189929486826216,0.5232543021819772,0.27768324752427453,0.556294468359281
0.45001016954927037,0.8067487493664345,0.3975196359400819,0.9072038147646156,0.8828458493769643,0.7112896112194129,0.12286303703007823,0.13275150429480037,0.2643282140028937,0.5023803720609532,0.3450815400306368,0.5986920579947708,0.4412888545163692,0.31623234421491503,0.9130101400529358,0.6548519209273432,0.8409661092598328,0.8228370939440444,0.7519276464975958,0.706658159134692,0.831378108707403,0.6937275579759278,0.41656610775094133,0.3398832205849758,0.616661445752045,0.30133204692806526,0.504782707707557,0.8328596440883544,0.4552530368192498,0.2508359422101992,0.31360741796055214,0.7115759631336187,0.3937220948118704,0.4911335056017585,0.2500483890177394,0.5489548627014607
0.472069522545712,0.7310604905203171,0.4217426038598401,0.8457281330611777,0.8419026848949678,0.8166662908422511,0.12489749284884194,0.13578426276522237,0.2646583110989597,0.5061250038528791,0.3464081004415456,0.5975873770212988,0.4405618706525114,0.31632213914719587,0.9111632855522986,0.6576830095484798,0.8371797086563093,0.8187438038092487,0.747487627816851,0.7035001804536001,0.810402059829184,0.6780723971667129,0.4163129380154993,0.3376451386451781,0.6069963782005596,0.30591186752450883,0.44050897830545044,0.8736450387943502,0.3737440867451898,0.3723342951283052,0.2903047567656851,0.7094358557024931,0.4669349466942945,0.4507574432346637,0.21884927499122028,0.5521377572110945
0.40057310673537766,0.8679959772717846,0.40205794003362494,0.886910328859926,0.8498836810502489,0.8274913193267048,0.13000406098416745,0.13903016892352454,0.2676437899594888,0.5072252493908316,0.35799668518179095,0.6008448473258281,0.4435358073077817,0.32752928484437704,0.8944686726249018,0.66835532966386,0.8226898946585722,0.8010222861264196,0.7356642647253575,0.7102919722994621,0.7594590101756707,0.7471864002952264,0.4023269393982437,0.32976081577757943,0.6079521466623863,0.29381038494895073,0.5353583881929292,0.8507667015240581,0.6815690433801334,0.22028689018257352,0.3733317479071673,0.7111956999701592,0.3166587058999528,0.5272969410251807,0.30740080085540633,0.5760008502225117
0.5211388266133673,0.733582483356394,0.4602240053364513,0.842735935623736,0.8487677555915439,0.8343194962670223,0.1349503330992129,0.14417151843584208,0.26994004819099665,0.5102680217729949,0.35675918025979464,0.5950931086225032,0.4450490907158815,0.32164460753451607,0.9099213418730676,0.665063276298617,0.833916656412967,0.8177856795226952,0.7724740982130942,0.7107655859677999,0.867249604904532,0.5308891446363411,0.4291434132298503,0.34694703165191443,0.6380310121535315,0.28669264605253686,0.5378321343517671,0.8476073392366696,0.3714684931812525,0.5162457799279341,0.3538627990999212,0.6931646370199676,0.37754316155856854,0.497561478537499,0.30017005837600785,0.5631535495147738
0.4460887657795453,0.8188251565981708,0.3903742000050644,0.9370632453944964,0.8940239499463818,0.7561725997799004,0.132299487768544,0.14148713558395648,0.2727733001177048,0.5146545537809187,0.3606953309831955,0.5967491256143207,0.4385156903082258,0.33101408520897996,0.9058862923861082,0.6681373259700358,0.8315344009843975,0.8120800092737754,0.7761213586559401,0.7232485248126953,0.8682730442058749,0.5897243562429071,0.42870695775401957,0.3453424734690653,0.6518951080075504,0.2984542388308362,0.541480427795412,0.7940335547094195,0.38316396085007876,0.41658222956058294,0.34007347759130335,0.6903896771702394,0.3448085916866303,0.5204262854633831,0.29400081160547464,0.5654151294952448
0.4912609664950081,0.7893203000346636,0.46172757074319526,0.8323222522076281,0.835225904586418,0.8710798294505091,0.14022234582096083,0.1437199694682358,0.2739913639193247,0.5107727839896086,0.3626222651811072,0.5878528298957104,0.4540685693128701,0.3371345937796675,0.9437506648657032,0.6797612016367369,0.8668965376630579,0.8538642900409681,0.8093481533763353,0.7707439199708963,0.8918336517147045,0.6681938578660209,0.4624509275732393,0.37302523500825646,0.6595835156925072,0.2860376053916897,0.48124502972579075,0.8282502600330759,0.3773027053511732,0.504110521432465,0.31754911040221157,0.7066067452649607,0.2980052150472512,0.5514635253331217,0.27051219094009366,0.5657572620024875
0.5692434092474593,0.6754193266386008,0.5091572962086157,0.7904296189320112,0.874642000017861,0.7828476510997856,0.1396578064521395,0.14511688901908104,0.2734359998776676,0.5115736906008526,0.3612520589603197,0.5875558089372154,0.45192424584544166,0.3370303024604408,0.931048275433731,0.6831776625420627,0.8556760652686012,0.8435622079258871,0.7871685006123921,0.7568273516438763,0.910551259481735,0.5497113226468096,0.44651673723957974,0.3594236378043542,0.5877790395184678,0.32355019630987614,0.449389621917079,0.8230833582405295,0.39189034365757536,0.35059632942691493,0.2890375226679503,0.711811355562852,0.37871522362923926,0.48612900998226877,0.24242540376448019,0.5627131796889875
0.5186830649201554,0.7280302448010523,0.4315250623142755,0.8642233569050712,0.8891218375993579,0.7745131885988418,0.1440782628060328,0.14764858566779243,0.2741761800521891,0.5132638513449321,0.35871960274472936,0.5865659297497621,0.45016153777399215,0.3436742478096494,0.9333054402796193,0.6865205956923415,0.8550913918260761,0.8376440395517329,0.7921741169429093,0.7542753321784456,0.892458923704532,0.6013963697813357,0.4472470728315073,0.3684898929499082,0.6338745039260653,0.2880162002330991,0.40870806552957756,0.831641893647754,0.39953491163038335,0.5129932346241749,0.27194997332262427,0.7066376932113425,0.4955435161081094,0.41867064008318816,0.21463008230546896,0.5643218505906652
0.49924057834873337,0.6819077473998572,0.4590596708452045,0.8375528218852387,0.8402552339609066,0.8992587585189459,0.142874935321826,0.14623774226963054,0.26887678443283664,0.5081622595825641,0.35171468568503617,0.5860868087579107,0.4536167462293128,0.33964076823886,0.9399581597017735,0.6844438726383881,0.8565009497113898,0.8467540793169148,0.7901282861513625,0.7651568722653634,0.8067299953072871,0.8409310117979534,0.4464984415325899,0.3655598917036239,0.6419540913258729,0.29084496300876056,0.4392015127914888,0.8124165583030236,0.5303254744373591,0.2602123320311439,0.31387584662911955,0.705597308127293,0.5566681043991036,0.3779443069931307,0.27263905215923256,0.5800672920616478
0.5307138433386743,0.7104054516810276,0.41187160650490195,0.8814094100937127,0.9084241127137923,0.7386509176050025,0.15419123670257956,0.1552730917682501,0.2789452474249124,0.5208494757184048,0.3662337012297884,0.5907216531336814,0.4729597220507817,0.34449213117328636,0.931936599105466,0.6928245863860314,0.8503604228283006,0.8320802690721008,0.7948332935665716,0.7657289321123346,0.902648592824667,0.6037235689806457,0.44977004821582284,0.36089879850191997,0.6670616946905903,0.29740203383215025,0.4560998749934171,0.8699537455424925,0.4788092595321702,0.287690835540673,0.3186999852490219,0.6967119502572305,0.31041582390574063,0.6158960340073147,0.2864060768624034,0.5831286693300469
0.4598918676040636,0.7817308280764237,0.4456184966920616,0.8374271417634639,0.8848354716869306,0.8292964798497607,0.15083067275873996,0.1555505912129055,0.28324115181930876,0.5203341022345863,0.36676826094772785,0.5924958711738404,0.4659861015026574,0.3484575796944368,0.9233499389413315,0.6905791666586156,0.8430470076148546,0.8254696657593485,0.7661534602166397,0.7605770270468482,0.8786815880318583,0.6566211560242015,0.4321946351719481,0.35373124823894164,0.630943124272673,0.3007016195664712,0.4525217512257775,0.8471421266138321,0.3680089487062984,0.44935114906420986,0.29630978183208884,0.7041966326414667,0.5514015796625718,0.3396382838695278,0.26940405762612424,0.5719109501356071
0.5692870162040318,0.6747573945832284,0.5661294825808512,0.7481055574702846,0.8480282397527527,0.8989986008103281,0.1504965909088159,0.15563930607668874,0.28189040398547993,0.5186360780469766,0.36377628985461125,0.5907555281921103,0.4641480169697671,0.34903854913410437,0.9243760478022123,0.6882974682127541,0.8412732400745732,0.8253572217560009,0.7909673793530878,0.7388725217976619,0.8131991524744979,0.7092513972081689,0.4308443447602454,0.34561775157321795,0.6590916908055684,0.27403050741890456,0.44630516517367375,0.8363397295204213,0.6255407765372508,0.247708013898232,0.29478689149599674,0.6934423253894104,0.4090519154740679,0.4412462604538159,0.2534794350811224,0.5784705824275489
0.5468767543842276,0.6855978261917596,0.44766446583772956,0.8366409872304919,0.8837878806411171,0.8072377049807649,0.14814128550422978,0.1539034954297004,0.28031363330010794,0.5161893535321785,0.36079851966525767,0.5925583351666107,0.45999688504018205,0.3472376522594244,0.9117594434786389,0.6868531408687002,0.8325482351947675,0.8105821009014811,0.7542793610177259,0.7358345128690836,0.7874772727170543,0.7511834624874822,0.40770803717989124,0.3295513425322958,0.6360199635817875,0.2804669266784893,0.44764480035625054,0.8217435742198453,0.4650555291163235,0.3397350734846081,0.2599157318583557,0.712617339110673,0.4763269111702799,0.44415020398164345,0.2262827361975918,0.5855038925822923
0.5910505087659569,0.5765995446725912,0.45750164550113714,0.8051153576980392,0.8504961972380514,0.8477093295804676,0.14415593239427799,0.15047296711718083,0.2753010731492801,0.512320645778141,0.3540902152004223,0.5887813037389027,0.45942290424320625,0.34024982331233045,0.9265475131416767,0.6777419486474034,0.8432385308221024,0.8279781664516603,0.7845982334983058,0.7401466185678048,0.7545757775100348,0.8571872032462804,0.4213498414817718,0.34412196535938866,0.5892907884286095,0.31334817949224536,0.3990007144571114,0.8377370854387538,0.35711725075307904,0.3965964780504334,0.23211199324383502,0.725780096537756,0.34875872609412817,0.4925601643128076,0.20032230421090466,0.587326952751758
0.34657654577058117,0.913194811294792,0.41912791668478355,0.867519523363016,0.8618898112310946,0.7861932298723422,0.13899337236642434,0.14493353189735897,0.2668813921705336,0.5078972893204043,0.343447261301933,0.5856885860059958,0.4584457073808482,0.3237744710462108,0.9318532734522833,0.6713475167102413,0.8504714881817936,0.8343608335881345,0.7636408711939295,0.7355974928263614,0.8366923655793017,0.6737607981302497,0.4195411614911456,0.3450357632486527,0.5944852018767478,0.2976352882068921,0.3562773521795065,0.8575492635576623,0.27951420836717383,0.47606097461997354,0.2272024715525212,0.7253533711616077,0.23801029760746611,0.5911517898735306,0.2112976173406068,0.6054965294069938
0.4507973018602496,0.7608775626322369,0.3825931381303063,0.9132109883012695,0.8799883005066693,0.7956185033732504,0.1409206290097088,0.1476327720717,0.27021667453214737,0.5099319544911646,0.3485742074579944,0.5900297513432733,0.4578954593540586,0.3348746275661959,0.9212794295224955,0.6751167944678993,0.8393860774563768,0.8250510415192172,0.7712070532071991,0.7239090665316013,0.812602686995947,0.7155021197809485,0.41471784737614026,0.33756541547266306,0.6394201264097378,0.26412299641309295,0.43682345458801936,0.8991471969658562,0.5267416326508731,0.3464563020995198,0.29193188747121385,0.7262243485391611,0.32499397089951865,0.5171354810532043,0.28516437254299826,0.6119235818528312
0.5069049349351104,0.764560898406323,0.4385010948943402,0.8650616971895717,0.8736616946134063,0.8290514158984306,0.14332714949804198,0.1475873640812453,0.2748794500925422,0.5116937189002877,0.35434744911903615,0.5903973260337171,0.4658927828706765,0.3377926523864221,0.9312398635250756,0.6715371364094271,0.8478427350541609,0.8332450706062944,0.7932838240751834,0.7373794691360007,0.8977759274862719,0.5883604706177925,0.42933420365546066,0.3444981212531131,0.6682719715473958,0.29739283925833127,0.4532149900820484,0.8675412484124816,0.3108840996295252,0.45274031440925633,0.27144873054835406,0.718966939785546,0.4901965213182575,0.3537909266393463,0.2793353181607955,0.6178331826730438
0.4843032689161415,0.7447269894154305,0.32007927412930726,0.9359350161779114,0.8699383556193523,0.8535016201298017,0.1425423347376119,0.14433750690047814,0.27839678348669594,0.5099423097339649,0.3575885939605737,0.5895165583860047,0.46572606534273764,0.3390828960045165,0.945797620302364,0.6751780185370082,0.8631587718520702,0.8515449261652248,0.7987856097837019,0.7643174766069489,0.7994734303418602,0.9389034384690191,0.44809271587667,0.3631983926842096,0.6455936069870556,0.31784185550337174,0.42638624829498883,0.8719038177363354,0.32466087647792063,0.33701598994488147,0.2686856242338391,0.7030932594795691,0.5752588142888613,0.33479539643356876,0.27481640834412735,0.6110712655378938
0.5125449854157698,0.6979207733864358,0.43493898771947853,0.8363332683564144,0.8803582373067669,0.8291545345121716,0.14628435772235354,0.14634945043417535,0.2791810081685,0.5102383057856879,0.35352034774262275,0.5874609663428856,0.4740621750959133,0.34407677810498144,0.9601204831580131,0.6837677566433233,0.8812927173846169,0.8695768406905013,0.8115155362056592,0.7685126134353947,0.868825422720138,0.7052423147409901,0.46017862051095204,0.3707505690376315,0.6740214514857689,0.3006231985625023,0.42023699277245274,0.8369908350576603,0.49450864581834947,0.38025159707691547,0.24471889438389183,0.7239300938863735,0.2561861584602109,0.6459329979165335,0.24928074589366256,0.6074329946342669
0.44751317496733084,0.7825617254511368,0.46728187709499114,0.8086696888987833,0.8398264699880882,0.8923907451786279,0.1413630160704722,0.14497338858045222,0.27678134521766307,0.5092402792260503,0.35305557976532914,0.5873336963812902,0.46457995030895605,0.3453439558309829,0.9484861388931936,0.6774304835725187,0.8677642010646921,0.8534722640381259,0.7979012959436531,0.7579821264774176,0.8315094796131585,0.6961714951328268,0.44737557008221185,0.36124603216004253,0.6305688868215757,0.31629028643437973,0.3953656790018229,0.8344296141765604,0.3858043627729677,0.3574189228656431,0.20946449827061697,0.7391144773800562,0.4922260706479953,0.3965178267069482,0.22233278314292887,0.6031332568194968
0.4734590730325072,0.710143882910186,0.335283907057479,0.9093017193070994,0.8367968803821718,0.907657673265663,0.14065611750391654,0.14048297066324428,0.27475643265268307,0.5052821404134804,0.3510393182128251,0.5859160856411322,0.46820804090009416,0.3368141949176757,0.9595012646373365,0.6859949960906319,0.8821615288638917,0.8756780727220432,0.8036838886443334,0.7635919254925851,0.8629574389252155,0.7023327511814492,0.45238769088828046,0.36487531299504894,0.6440545610051239,0.31913079720920745,0.33911079119035215,0.8676379814206246,0.29116857974492705,0.5271916295832557,0.1942240430661894,0.7294904083603384,0.4825554070984784,0.3788904560350852,0.19147417042141027,0.6178676443180167
0.5009503726803306,0.6837515826996055,0.46157461077050205,0.8149516695735582,0.8586014390760833,0.787923910065762,0.13529024336189138,0.1385353335130196,0.2739891059413199,0.5060397580777147,0.34992621747828045,0.5887487240407447,0.46390448445217125,0.3372247893946404,0.9400350359642325,0.6700681468233579,0.862030043890244,0.849423592777087,0.784168500071992,0.7451490101983655,0.860746615173996,0.6695001387693775,0.42269913630397926,0.34237835619218493,0.6497657575268342,0.30434763570180523,0.37306587070075614,0.848715216271918,0.460950605921818,0.36119610456644624,0.22409264638717535,0.7531551115868648,0.48919895087994,0.4630232696396273,0.2425495275730564,0.6400497392077393
0.46979131838362953,0.773799910211536,0.4539985406960313,0.8143732584053134,0.8393162279131064,0.9041499954137475,0.14673165997241783,0.14989360112741218,0.2813607036912714,0.517972850840572,0.36147193173726466,0.5901767426455301,0.4742254075440759,0.34642128145700996,0.9296471207247052,0.6691282058471242,0.8499360193299008,0.8381125774572176,0.783244258385611,0.7422913755618407,0.855973313453634,0.6640523220937238,0.42799655457778657,0.34741975291309,0.6583168404339711,0.31976421330908056,0.44583564091889116,0.8167841785380185,0.39568825158735327,0.5536322849163025,0.2531809093306901,0.7545786572366865,0.5023312522448733,0.455484723194153,0.27751845144629433,0.6322771579261952
0.48690872106188066,0.7815076321011245,0.4557810178858077,0.8810457673463277,0.8273930926081223,0.9303596444425346,0.1456538370246797,0.15024418387660704,0.2923062354927999,0.5225102042588773,0.3667050674636761,0.5917720564192344,0.46920633626860175,0.3500504886565089,0.9054449972720919,0.6689063644822546,0.8264497365151497,0.8059346608712723,0.7693253725811545,0.7123028928711836,0.7842690751751333,0.7627094267225032,0.40638855861790596,0.3312636474552795,0.6404277890889666,0.29626048373928804,0.42657830144497105,0.8325897699187284,0.40964846958251755,0.38262821257346485,0.23071554367333402,0.755040049280736,0.6149117179515354,0.3790720271666991,0.26100295893840014,0.6230356458381888
0.4137710582874249,0.8743303647500064,0.40591258101089756,0.8881158067803331,0.8782718260977732,0.8360008726384536,0.14642498947162896,0.15102181694966943,0.2960274544933992,0.5242890623342954,0.3684555088549175,0.5892357641003965,0.4658301683748516,0.3467500637631153,0.9184434645399491,0.6733087750171035,0.8367489002429029,0.8193726510359294,0.800105377918862,0.740855149608865,0.8225992472506499,0.7160374615506614,0.4361873829352978,0.35814271680211685,0.6854231220642105,0.29676788837181534,0.3857551754369259,0.8599072994091952,0.5701065527610542,0.3405262301199645,0.23374596124206587,0.7527713172846567,0.6391748592514759,0.40609858148789274,0.25388719424627915,0.617008728410503
0.5016911382581251,0.6997268757748208,0.39911171160928566,0.8868384868864106,0.8898525753034606,0.7753581000459127,0.1498571141694372,0.15402376063407294,0.29701918636271696,0.522922002962653,0.3689631750090757,0.5893981051939327,0.4738095743119068,0.341917708808249,0.9022452509972626,0.6737123838518304,0.8212294366448218,0.8005203289296821,0.7776308250439189,0.7279028018537574,0.7919112136691902,0.7063121502708252,0.4135784432071087,0.3447789466404564,0.6509354113449798,0.2875030855774196,0.3738103970099367,0.8282032611613837,0.4405951297732925,0.31876061075563306,0.20491018901374847,0.7876921653029572,0.32328786966734446,0.5610364579215503,0.2237874264104891,0.6217454871300896
0.4245308509885789,0.7697387351572667,0.4198969681840419,0.8847937580057901,0.8334134915377525,0.9290549009146807,0.1512596368882892,0.15630503663947656,0.30038543200048007,0.5302213191920594,0.37483296089360807,0.58960477069159,0.4706728432338573,0.34503573317389424,0.9040788218621452,0.6845960644228497,0.8236169822085133,0.8068833196657852,0.7918668152848526,0.740026420404287,0.8363847589991023,0.6439755685555641,0.4244208453286708,0.3537868087416616,0.654849539772857,0.2963885886955875,0.33870499789094544,0.7976390501524131,0.4755605279064766,0.26817882700359674,0.18636944087881369,0.7835248840457574,0.3095515904758863,0.5742603742472838,0.19681504647758902,0.6280447821512005
0.36716286846524504,0.8488821652720195,0.3498050794628859,0.9340456741627172,0.8520122359631681,0.8660302480269032,0.1513702376044173,0.15649357461073574,0.2979417683996616,0.5301872468329184,0.3707862886321634,0.5862369264043329,0.463308754311066,0.35203457203666616,0.9195255295189213,0.6856583726833789,0.838406127955614,0.822590542320864,0.7868599193183659,0.7691215975565137,0.8402957931919603,0.7080725220382981,0.43678473983658206,0.3651353421124479,0.5955500464666069,0.33735919501596323,0.2964297602387693,0.7925209827611481,0.640839704125016,0.22015428570086176,0.16847302731565345,0.7944993474482054,0.4150990754401507,0.5081936462041159,0.16603824829537037,0.6306453490310693
0.46362931364108967,0.7108772547333011,0.4292228044430551,0.837189504376013,0.8342633947697001,0.9204713376625877,0.1497592301510688,0.15973057649602665,0.2983473449879529,0.5303351825582375,0.3710707329766739,0.58775306393382,0.46508747003485684,0.3566218840889653,0.9273547721237478,0.6928565567687157,0.8463932729967065,0.8331799999657906,0.8021598116485426,0.7919515451155801,0.8159133290365898,0.8487638446588672,0.44535403734105694,0.37523415568154966,0.6570583623208143,0.2889858675424885,0.3261084077812003,0.7852464076351414,0.5650205533621951,0.27431458986657775,0.22515321189916054,0.7977019115962527,0.3717863980511145,0.4525641971967966,0.23275479487193837,0.6611620890814176
0.5266730065074148,0.6519298619493515,0.47256265453451135,0.821243044684719,0.8859356619496476,0.8454089094532763,0.161928684738531,0.16450662953702702,0.30761023104602403,0.536490908264558,0.37990249101646895,0.5862634265431279,0.48412570992503745,0.35762480445592393,0.9425081644380582,0.699690281424223,0.8581894894541031,0.8469103744811213,0.831101937450702,0.8121818030877032,0.9206141243519361,0.6404725882282197,0.46975711927967845,0.3907401830498038,0.6665111083916524,0.30037554676353545,0.3387256339940183,0.7731281691256924,0.4786060607575118,0.4168736619701586,0.21799130042469556,0.7852026351382897,0.48748071685389005,0.3736049427940502,0.2379496084361438,0.6534090781107872
0.3840381165118258,0.8281887815480033,0.42032345460924336,0.8884390034480446,0.9019198082839768,0.7889381894643204,0.1536325310148126,0.15889869902569,0.30607760346496654,0.5369503581660378,0.3818687809754808,0.5839865594251211,0.4844342546170496,0.3516540773853122,0.9562126039678881,0.7066948897813043,0.8731817257201604,0.8652710286026672,0.8215031405277456,0.8426304631528526,0.8964603282566848,0.6925058126679983,0.4736590854835019,0.40002362546315007,0.657359813058291,0.32342218435793535,0.3185765532327216,0.7789390916920398,0.43302124272148573,0.3363360579976298,0.20667102097738788,0.7842891346456152,0.5038655837204687,0.3889891439173723,0.22217439434300237,0.6557084588687887
0.45703616200509595,0.6699334571390362,0.4129833019153137,0.861685297547885,0.8759216505380361,0.8515935832498893,0.15763373952848475,0.16203452913226518,0.3018078296890203,0.5352725821151088,0.3750420822798062,0.5806380987141467,0.4750963989993646,0.3573294592739378,0.9626483644972124,0.7102703325126244,0.878297760036431,0.8707767232863531,0.8227352579010327,0.825609178315375,0.9402337547384096,0.6288229869968052,0.4703244779262132,0.3901562194020151,0.6613090468818517,0.28413612022915913,0.3587224681208888,0.6935959437843291,0.3978896587475303,0.4154701550352932,0.19688566975859983,0.782084334318668,0.3921486850506352,0.5297592386172798,0.20589464113784675,0.6563575187952467
0.46258492934375595,0.7315306668275807,0.4541487198169438,0.8618656074227411,0.8385713029118622,0.9199911502279214,0.1529381312471394,0.16178047598087433,0.30851626847353836,0.5365625245065201,0.38040328104182586,0.582566363360528,0.4885818687987984,0.35800612895131323,0.9605152471355144,0.7112317398965129,0.8740787162689656,0.8652287076693365,0.8313835370141254,0.8222414768746258,0.9214530568496587,0.6928496082181587,0.46755104811024495,0.39089658131375415,0.6592435626150497,0.31665684721328413,0.2816544293118338,0.8137527860402909,0.24740488679445638,0.5378848428054666,0.1793857011256833,0.7820910917791628,0.4740127380399546,0.4737324350608158,0.1821851378808165,0.661577200008606
0.4480512052715401,0.709921924891854,0.4803677847709905,0.8350036703508555,0.870556696245378,0.8943764803367809,0.15339949688408244,0.1609816468534253,0.30583159028400886,0.5363600969179501,0.3766611646289534,0.5823380762476091,0.4855217169779408,0.3624634499147112,0.9591557929766574,0.7130584776974368,0.8751196352651947,0.8658288527234588,0.8067117803119238,0.8287847496943228,0.8506552507252665,0.8115124384259903,0.45399187831109294,0.3789577655580564,0.6440172342307829,0.3025833020950105,0.2951817770020899,0.7379363593258729,0.4520497829626362,0.46514205906069495,0.14693084426798175,0.8116653616597087,0.4590286801024557,0.3937734229487649,0.15338792887215952,0.6697165886456321
0.447663379350538,0.6238188824736307,0.4439108085261947,0.8126005401273498,0.8894940581837927,0.7921867322302627,0.143015083400387,0.15439884235696213,0.3008127624350633,0.5318112630125972,0.36725647256276517,0.5807934252164563,0.4854203147220115,0.34240109333102065,0.9596352427407963,0.7033429198877283,0.8756838469677775,0.870314986076306,0.8135255521697774,0.7896979883680546,0.9194600773063883,0.6710565342731922,0.4451216391273711,0.3697819453606805,0.6094092860592653,0.2938934945711605,0.2839803926984037,0.7966519330175141,0.45310306913688464,0.32554631166030473,0.16123459514951927,0.8097002906379889,0.4374647457169569,0.34926843674121333,0.17717485329289795,0.6939254401403635
0.43055834315218255,0.7668398977294659,0.3849326931102031,0.9284264079650757,0.940669514438507,0.6959331397516488,0.13816914170230005,0.1516325638819519,0.3000078509214136,0.5298438645874872,0.3626235841155304,0.5802499284244872,0.4795869570766732,0.35475632795970957,0.9596328983759213,0.6999750334980239,0.8821611702411711,0.8750068845082755,0.8025427802656727,0.7826081450170295,0.9356034369242896,0.5723290421325727,0.4364823875271623,0.35643119036731297,0.6345616199397359,0.2853104007842064,0.3879245207211002,0.825536265603916,0.5552315007977248,0.2736051188331384,0.20446642085832822,0.8019516724719239,0.5365214751214917,0.42095015840770256,0.22291804779517108,0.6949445047922675
0.48341394985282005,0.6997450414957365,0.42549525377405634,0.8734026548402282,0.9459644061416865,0.7341701660304596,0.13331975394609613,0.14726436011284788,0.30079568289693853,0.5283927679802305,0.36854545009991496,0.5819631018447364,0.482938452754271,0.3519944435010927,0.9445998077421331,0.6893430929173736,0.866125839941494,0.856346988071568,0.777358465751039,0.7583638814741642,0.8119203240188475,0.749507427162099,0.41739946161449454,0.3414492309686269,0.6625898957785551,0.2792896480327687,0.4076438160184108,0.8182136518705443,0.6641256173767929,0.2063859354182654,0.18351658129910442,0.8039904850491776,0.6527244546001936,0.29437071739668785,0.20559865138477976,0.6985125599934409
0.41392769837820115,0.7173466344304886,0.4197548835226875,0.873439857083144,0.8669853659412182,0.8619766870831638,0.12989377340629743,0.14738120953172135,0.30708754832971574,0.5361888667053731,0.37530849389602605,0.5856248814758558,0.4794926138536305,0.3540258357958649,0.9431178318115885,0.6914054131826524,0.8627390423052619,0.8526796051873097,0.7879990528630294,0.7676580269655779,0.8953373318558542,0.6292253121794864,0.4276160350705507,0.34725927763085773,0.654334776228865,0.2757429623597443,0.4063193479582676,0.8205512045934094,0.39331820118725175,0.3672128540816603,0.18758211193388186,0.8079118364516087,0.4257625294258846,0.45149277170101615,0.19958518054764082,0.7091739598442102
0.517428575544277,0.6211289498477067,0.4547126379170499,0.850404194144889,0.8863565148363733,0.8655742927752352,0.12646802359871345,0.14614939368796115,0.30414027027131885,0.5341900930038515,0.37225968426192774,0.5838319754007031,0.4768475215577208,0.3518118025470717,0.9447022140504898,0.6875775074014051,0.86397894694099,0.8529972923126964,0.7818634207768498,0.7652731381898439,0.7896855006457106,0.852840995388785,0.4146875232795265,0.33929797276248674,0.6166431442507311,0.28757438082157416,0.3973482525518865,0.8362799871893039,0.41821480544485556,0.44940350941700735,0.1665051777456305,0.8132753925059918,0.35316703094579033,0.6520589782497956,0.17373491895563312,0.7232111397638656
0.386763513741042,0.7557259888821578,0.4078941432452513,0.8741567338983233,0.9106123054635038,0.7889423519093197,0.12452038573970897,0.14258465761602057,0.29953140594834265,0.5305902129301078,0.3660426958435642,0.5822727653572154,0.4765491244102692,0.33976778163044286,0.9537005898225204,0.6883306660252856,0.8752463485668873,0.8635287298084922,0.7807805415190778,0.7761621889675034,0.8618187395163397,0.6779354700363094,0.4259393883114794,0.34448206669951675,0.6342277307327402,0.30137164585081777,0.38951071972567214,0.7986041482115245,0.5114179696933906,0.360707898482871,0.1438897765867222,0.8136587521340288,0.33427655542645485,0.5821652521578732,0.14879705394108317,0.7252610463461303
0.39685575083054186,0.7662697671001053,0.4026802518708933,0.8734856189842937,0.8518997531091512,0.9168788380431474,0.12235266133045009,0.14425017689875486,0.29821360865186564,0.5314994317671388,0.36605985717010026,0.5805747584015651,0.47165664252110373,0.3508342112364479,0.9478803059624623,0.687437070873172,0.8671207925094786,0.8562176511846284,0.7715652360593918,0.7705369461188794,0.8837882498679757,0.605325634821317,0.4182494196579456,0.3447564567036717,0.6485438620867623,0.27656224381634653,0.3546668769842961,0.8291715983701855,0.47512227363045917,0.2854930709057801,0.12276415980436223,0.8224527063463074,0.42687981683813053,0.4368674896628999,0.11987495658541902,0.7377642951089276
0.36564706737701363,0.7424760233530773,0.406638177322197,0.8689311081051498,0.8793542006233942,0.844562093212086,0.12386179695604688,0.1395160699162265,0.29501567951809166,0.5253395261995918,0.3622874303667374,0.5806141307592266,0.46937965304692697,0.3453112468878948,0.9575200057506161,0.6881960549997607,0.8758353438836591,0.8692743905086987,0.7768230076658695,0.7723670052896929,0.8459021727036509,0.771035041744567,0.42513418271882575,0.34894438767414665,0.6914168664126347,0.24666056235614484,0.4253170856878087,0.8325335668470413,0.10036128606618416,0.7472947626682396,0.19791558390909497,0.8370606873425585,0.46164953140277876,0.37961449561238436,0.20655003989041162,0.7614676905583637
0.383585647093473,0.7856481442410381,0.45149259848740436,0.8545887952466338,0.8481445654827203,0.893230905456116,0.12350869010471349,0.14288883004874708,0.2977485037686959,0.5280847728193654,0.36630322738768417,0.5818708314015699,0.4748512977600945,0.33258991065721677,0.9518179687172819,0.6888283138527336,0.8722518978756089,0.8629558453252679,0.7886962481777925,0.7655655363215683,0.8433403567658375,0.7936360293294971,0.43244123472497176,0.3476755177233154,0.6351501679224147,0.31092806700763465,0.46832641658263574,0.8744858176115708,0.3756631886705778,0.5544131542934474,0.19750604101165725,0.8286456127191764,0.367113839391766,0.45816173730718734,0.22645166036123662,0.7570757878225081
0.3804757457511033,0.8419353057074612,0.4474285941709117,0.8798853605230161,0.8537590662500408,0.9118480196354775,0.11954150370206368,0.1372464079936404,0.29722964442396227,0.5240373324281128,0.3613951295354555,0.5810509149896084,0.46889945414201073,0.3407028910532922,0.9588796267770943,0.6875196677053085,0.8811796070524194,0.8715993736966892,0.7813807710965214,0.7771234418042546,0.8731788931065158,0.7390640228227684,0.44918786223956986,0.35948168672329955,0.665202999058255,0.2838123619497286,0.46794220115725954,0.8658878045113232,0.2882754414831704,0.3541691559378908,0.19182497861056802,0.8102439258016104,0.4458677579393767,0.47478346938805827,0.21454926838668187,0.7599138220506734
0.38692492494038155,0.7931734876901052,0.44940810654824037,0.8935393217588286,0.9083550631423303,0.7796974926768013,0.11911894494535513,0.1356805625688734,0.2953961082752885,0.5228460893451714,0.3643352797747439,0.5809567761999362,0.46061746007979615,0.3401835752884286,0.9496897796841434,0.6846855028352035,0.8703560129823573,0.8588599879188189,0.7830284212145847,0.7545217472614132,0.8011819332098672,0.827429611697912,0.43601887761942537,0.3498056558969704,0.6587767855912905,0.30439682983794775,0.48120397289590544,0.8582670598024289,0.3118343318803211,0.51556550598285,0.17469225016883694,0.8384015764035069,0.6266735438939559,0.31553551128768476,0.20066606347503876,0.7609511602709287
0.4331303639090852,0.7153675723357372,0.4194747583243157,0.9017885419457219,0.8543902993836243,0.8691338909677346,0.11649520683601744,0.1354853635169701,0.2944456334999662,0.5234977534280347,0.3635032080196905,0.5827362601532461,0.4605818264820353,0.33749100966073314,0.9426602508391173,0.6837697473264019,0.8651983341178928,0.8517183055314808,0.7859073113859678,0.7419084343397301,0.9187475646674541,0.5799191008022623,0.42791963763930535,0.34198082727623536,0.6962788601248433,0.27001237136673545,0.4550994759443605,0.870541957038417,0.2444189931803946,0.6050773278629415,0.1655432747097148,0.8291856326924313,0.34557549315196223,0.5605103522527836,0.17624341150843081,0.7632318668580674
0.3825094494041086,0.7806222343186027,0.4291186769023496,0.8714450377152866,0.8793176740175295,0.817885927570661,0.12158567425239042,0.13855214238699864,0.296023074265694,0.527728367749382,0.36682875320092545,0.5835906255197107,0.46593800058544477,0.3384200712899794,0.9411328416781193,0.6863488727156069,0.8617878625630767,0.8488978132934827,0.7650621906302506,0.7597053015406046,0.838419218855675,0.7895164479209422,0.42741390886620184,0.3460130048356969,0.6140767359826673,0.31324039922781033,0.4263258571231415,0.8455355726972803,0.47426307019758907,0.3668642152196816,0.14132708950526768,0.8388212051198216,0.2413358678025224,0.5159516238876852,0.14551814438102317,0.7746821915925355
0.3802424361829388,0.7950519873501829,0.36704546081065104,0.9187882246730492,0.8725843893634492,0.8388353214524767,0.12229721295696072,0.1407965771399453,0.2962837073883653,0.53078630949977,0.3674010870022437,0.583333048509479,0.46565050485945525,0.3384080878448632,0.9356523644027948,0.6848648954748924,0.8578625960704349,0.8424696629382369,0.7618357530699016,0.7472901568243271,0.8811641449071,0.5717512441730599,0.4264690371341991,0.3461325694176598,0.6246646135996176,0.30138040792883813,0.40524368422450185,0.81865694028968,0.4212438037381469,0.4998381728521243,0.11844201321813863,0.8570458326044895,0.29014572678127826,0.49897334757844264,0.12779737474347375,0.7738656648173227
0.39006209938864556,0.8052561095528477,0.3974773093542189,0.893248380922772,0.9091590322579326,0.7660045172997474,0.12845740317397913,0.14560434775067177,0.2983397630290986,0.5329421586371954,0.3714329716225221,0.586849450984922,0.4613420793644114,0.341379770417373,0.9283247302673092,0.6907775090953576,0.8513821850615243,0.8343961417479222,0.75933138058209,0.7588431325455208,0.8340341160712634,0.7696446100549558,0.42727212827793837,0.35011770471164605,0.660959665115263,0.3079456101702442,0.46614632389182953,0.8711317076485557,0.3820215063979869,0.42847026201506466,0.20216052696535913,0.8581661322125335,0.48942189906654543,0.4528526754784332,0.21319612074661726,0.785148922627348
0.40181454854441306,0.8252369053509497,0.4254356606354728,0.9102710938555505,0.8846366669027008,0.855621316298574,0.13566941819334116,0.14752592843465828,0.3029197250270708,0.5336347909920592,0.3757976164220721,0.5861771081635206,0.4667927265291375,0.33757632453623954,0.9292403251514104,0.6890053414286652,0.8496745028334658,0.8385876255867323,0.7727935142512267,0.7535077407006311,0.7862226769628123,0.8100048138038283,0.4383724294451201,0.35279036403948943,0.6616031175370297,0.29092332349794414,0.48722190794873504,0.8677192203228346,0.38860569066414713,0.4203590830094375,0.19689963019646411,0.8430614433772148,0.42362443601171,0.4228595185620942,0.20794309549534015,0.7825609913173845
0.44305676165648594,0.7570647711915167,0.41001255101484596,0.9463153293360655,0.8622093369094441,0.882980701011827,0.1318010458453855,0.14804539409388695,0.30567821021401664,0.5354481104910087,0.377669390968552,0.5874440477124305,0.4671812978048113,0.33627989117709534,0.9331346818619151,0.6939735633829002,0.8564384933762986,0.8454650221814859,0.7872383967038241,0.7747036231632789,0.9017032738612767,0.5625129226741747,0.45125723388086947,0.3706004750674255,0.6083949642388187,0.3307402400205935,0.4787358661304847,0.8523979003073155,0.33634436365563414,0.45775859571972294,0.186615599491938,0.8499529708750455,0.5849522630162856,0.3060968218993626,0.20535345492369125,0.7776374898309117
0.39205455594482364,0.7674046571236094,0.4171482682837292,0.9129332434822687,0.9111589826303732,0.8068033274751779,0.13768543194136723,0.15085839307696775,0.3043950957131141,0.5374872338286246,0.3776054061804843,0.5838817787275805,0.47165264888156216,0.34745006108189636,0.9497845965599097,0.6961722942775832,0.8691627775852855,0.8584129975679,0.794077774959946,0.7955807066080367,0.8363626240839789,0.7839247758462186,0.4624057621551191,0.3754435568367258,0.6805482232051292,0.2877228924371976,0.4599206798988063,0.842186614364606,0.3841254550351101,0.4489425961077091,0.16693538110439038,0.8529428303086615,0.6758195250651505,0.29845698881316274,0.1869276258557351,0.7784030405193201
0.4664311333824404,0.7414466263216156,0.43843495514330266,0.922672477828306,0.9018263605856598,0.8159223817836427,0.13953558551527606,0.1534759678512319,0.308402472710233,0.5409339429674722,0.38249495594707694,0.5853846860665454,0.4745919831105032,0.35378751471340364,0.950119677010437,0.705970165860961,0.86933165182176,0.8616439321306202,0.8002873397094918,0.7999923009238239,0.7899738039520059,0.860029315445719,0.4635949708794164,0.3756957926185012,0.6389765642818908,0.3164710998770517,0.43240436762164547,0.8256297457046369,0.2863746206061544,0.4795349425298533,0.1506714417172053,0.8514642111439987,0.2899252903728554,0.5079316929485408,0.15656162268833185,0.7882088556930669
0.4098885195874662,0.7886501281051674,0.4415625315572209,0.9245279396201356,0.8667888562862056,0.8998187175690834,0.13944861872874803,0.15465980149217307,0.3103947522244114,0.5433851205776518,0.3846591421375477,0.5864531003806374,0.48267514906866127,0.3499155212636038,0.95789256319659,0.7146680250611138,0.8792226444729908,0.8700560609070511,0.8200756849472441,0.8100802835322434,0.906163434619214,0.7251376171125079,0.47092957504863864,0.3829896404712232,0.6209435710458494,0.3306222277597549,0.4128414053769504,0.7778155460800897,0.33003651532608536,0.3853698895784987,0.13139958834187293,0.8427541103953275,0.5321032020015846,0.32435967264684673,0.13369129712788455,0.7763738353621571
0.3948807722470553,0.7439621230361116,0.4503987800370267,0.8831587402075873,0.8849876436671036,0.9371101633042055,0.13622099946255178,0.1530112751812075,0.30530819848520707,0.5418445923255029,0.38169547219399536,0.5851397970580329,0.46930955198380975,0.3638723477330955,0.9681945079202976,0.7173591141735755,0.8895410249504705,0.8793327651708641,0.821084673059994,0.8233842880894455,0.9005932907957461,0.774772394184392,0.46630763467799136,0.378619753357558,0.6367590870351763,0.30189564987313594,0.3936672704101939,0.8205533758233832,0.4906452161260063,0.40741584931340424,0.16105022175996808,0.8566346643041451,0.42800208088005565,0.46834027992004734,0.1801206064479597,0.8037209798727605
0.4743686600746611,0.7019308347339321,0.4814506482866455,0.8912527901520653,0.9185601426980826,0.8859838621749055,0.15315345821910564,0.16421377496068826,0.31444783337937154,0.5493891328580529,0.38855980819976965,0.5861938537168341,0.4924428879888567,0.3645318400253357,0.9809045771900047,0.733055722450858,0.9021773939327443,0.8949187099525147,0.8277133647190589,0.8604372545412107,0.80574720993003,1.0,0.4919890908689717,0.400849560531751,0.6378757711729481,0.3326048499104893,0.44217399928949513,0.8107383535888301,0.5560899635338186,0.28753592396873295,0.17042836028954622,0.8537671122300667,0.3531580448175357,0.4599646322538415,0.1977897421289734,0.7969606758338015
0.44782626716318696,0.7247520311750648,0.44288774464079483,0.9058510615750787,0.9514088399258567,0.8326178827706554,0.155904049833209,0.16414982172614256,0.3174658315568873,0.5521791619360238,0.39429157940597664,0.584910122884606,0.49606605527257835,0.3831334729212513,0.980895539295613,0.7415038256239339,0.9047115713426526,0.8970495260091427,0.8190095995165183,0.8482878466722156,0.8857446943213774,0.8674344054827596,0.47066318380404665,0.37726475576388346,0.6342241250274114,0.33576579357216096,0.40826191449122995,0.8922743673252346,0.3459165392471587,0.3590752507452671,0.15471676184697336,0.8410597716072746,0.35583378486478756,0.6178201744538583,0.1825420918055465,0.7904106953165995
0.38663191850140655,0.8577116180726225,0.5109966989177599,0.8959116503110698,0.9312408069296306,0.8851972604508846,0.16179662649549825,0.17173881753787393,0.32265325770241937,0.5587114126842715,0.3996329374893077,0.5864331082920065,0.5090415764201409,0.3847611337498257,0.9833556733001034,0.7466780058894162,0.9038061725977456,0.8946378469077327,0.8381832208347688,0.8590431061615349,0.8942104831875004,0.885819870074299,0.4759562441454222,0.37862424649777715,0.6687807212044282,0.3077979091095532,0.41752159680785994,0.847346476948619,0.2997128464848339,0.5045711959502401,0.1451683416394441,0.8445119291252503,0.41576500330593613,0.4213190344802654,0.16832308534957402,0.7935507069006243
0.4237586396923917,0.7627301236959309,0.4144755471519377,0.9718272959035363,0.9584722748649439,0.8857393285552684,0.165958769094948,0.1746173933221873,0.3269170082708092,0.5633751300650944,0.4016454575024936,0.5877587912902469,0.5114719463862896,0.39152105145497473,0.9783720940784956,0.7440334207683554,0.8961945585980189,0.8878160815409095,0.839401502641367,0.8272941022260877,0.9381062484703686,0.7351552059465616,0.4599715775276445,0.3663514034019585,0.6819294025774612,0.2807571889930436,0.40433765754008083,0.827626938975459,0.5114270264021461,0.23954248354648672,0.13273484697942417,0.8449214935396695,0.5205449201828581,0.3135872889057918,0.14490665205023542,0.7949116434520402
0.4214969072738624,0.7311877709430579,0.4522921357313113,0.9148679194546843,0.9273322120216694,0.9403421818642109,0.16533653587169056,0.1769903300756929,0.32629014686210733,0.5637442752517335,0.40068675528334774,0.5874638761487837,0.5143041951659999,0.3930678017094852,0.978987097212739,0.7467900938714371,0.897539069097007,0.8875495167607252,0.824418324591339,0.8389361450845443,0.9501449417847432,0.6076336214636009,0.456518194352316,0.3646549562544993,0.640440803080106,0.31909936049070775,0.37967189836572285,0.8359838603765997,0.6425201377874102,0.2623785517097077,0.11296703563148064,0.851287352012098,0.26236236266726076,0.6194173898715227,0.1215548023672054,0.7921145843838844
0.3198570551930879,0.8610742189125746,0.41118324529740596,0.9409170905257278,0.9388065783415869,0.8719741138253571,0.15412276312496326,0.16986061533242347,0.3168914361198586,0.5548129111065411,0.3894261919313863,0.5826422779281665,0.5037818016572504,0.3785596837665034,0.9866611565577768,0.7432233852874772,0.910716260737364,0.9034674260555353,0.8339979354971099,0.8337341109988344,0.8974511410529527,0.7527718142217275,0.4662466121756589,0.36831708293508236,0.6351155690553443,0.3175281916380178,0.3850398998991907,0.8767076619739496,0.36874285440125276,0.39307404501222865,0.14969368770797747,0.8562445730154307,0.5378821034943706,0.5247030028258585,0.17277671170933784,0.8171900560851739
0.39640070503272257,0.7935039770364424,0.4744809059320988,0.8988515942752101,0.9496576291568581,0.8188104040820504,0.16484562011492748,0.17141188689110198,0.317585483192269,0.5515224066747159,0.38741794766479787,0.5874174643336358,0.5121644249550874,0.38133841232074583,0.963170571036119,0.7271719625003346,0.8826244802779287,0.8705699572938324,0.8089368887272904,0.7886472103705251,0.9111424927266214,0.6185001547154864,0.43214086799335827,0.34330393820582494,0.6382389817594928,0.2891636206211714,0.4574457284111477,0.897929021886183,0.4266889255934158,0.45373082810640625,0.16171316393175872,0.8532403828476907,0.5170615175997094,0.3579994864957343,0.19969403104213015,0.803545435629307
0.44889928216485203,0.758198160770919,0.542583508747559,0.8704713513685896,0.9615045005920918,0.8143662539250041,0.1575590352166163,0.1713391979020698,0.3177400475430895,0.5527726207782766,0.3865648924771481,0.5851667207535068,0.5069318144573635,0.376971023520807,0.9648340278470562,0.7210423588823827,0.8839038331496418,0.8765616905806848,0.807890424981994,0.7971290818872727,0.9242507140179719,0.6572752517473959,0.4484567290883279,0.3556599291195073,0.6600757506277887,0.29836740510993787,0.45626331629834777,0.8928618809659217,0.45948083789613947,0.5208577523447213,0.1523573583454314,0.8352271642985534,0.32325628107287485,0.5112689323926433,0.18690040110496345,0.7954987306464485
0.4691270230581232,0.7340341137821597,0.5097532860124065,0.8751295055485129,0.9401269664419962,0.8691073163671977,0.15400708431704463,0.16475249923239163,0.3169912277763677,0.5516569601399475,0.38995102419179034,0.5878675193527377,0.50788523404615,0.37340763755267714,0.9608824946139245,0.7186985832050679,0.8819374063992153,0.8718243097492436,0.7981791913886089,0.7954606424615656,0.8626053082013599,0.717846550254368,0.43437346382982567,0.3421763517140382,0.6352265962372652,0.24773048870960473,0.4856025439778993,0.8653211439877477,0.5866855717926575,0.2392075775140593,0.1399937281270524,0.8388308644063622,0.4747440645992441,0.4530053967828992,0.18311623693341425,0.7957612360133957
0.41808597227654754,0.8285708018828366,0.4533815492157649,0.9745931305126183,0.9352885305473886,0.9174809889947972,0.15701473941666294,0.16878383531902294,0.31714549885127674,0.5515401008048523,0.3768830119943498,0.5810637421818077,0.5037585823408616,0.3748731503527389,0.9738423533327984,0.7363064956706502,0.9056681014257366,0.8981449149570622,0.81309265687763,0.8046017755218584,0.8918857185177194,0.7046925184107894,0.4508045772711302,0.35373500537465075,0.6457965901131105,0.29443172999232964,0.44183509681210215,0.9046215371503686,0.3674266813309465,0.4645190755390936,0.1297367118264235,0.842229223204416,0.4347771880614695,0.4552797962146967,0.15620191081191898,0.7846519758940922
0.3670328215956108,0.903758820304194,0.5081545409685564,0.9001308193561446,0.9262313252758363,0.9060952212627721,0.1356976931430791,0.15435863183344378,0.3069983398510987,0.542967427674458,0.3723776911022102,0.5795581832960205,0.4988985032948784,0.3592911963141107,0.9663510832639718,0.723398356826153,0.8918488195965514,0.8816492225943485,0.795446177256772,0.7860958708758289,0.8518845509120627,0.6451636861224113,0.43190656438492403,0.336911771142553,0.6610415611445257,0.29314998177213536,0.4302080639414494,0.8803806622388202,0.41252663870285405,0.47574460878963043,0.10492172157075585,0.8463192120835352,0.44312216592710646,0.41610860430220054,0.1301412841158902,0.7881314931306613
0.4451882848466016,0.7413482455272569,0.4678122097113424,0.8902799328621449,0.9172375458269977,0.8548647564871967,0.13434824232892373,0.14997351114654134,0.3011857337636464,0.5378321815588207,0.3626632367503754,0.5780739355472602,0.48985370417822505,0.3537761489419361,0.9690064113615188,0.7204325755308791,0.8936558399804342,0.8845754553424714,0.8079358928526124,0.7800939196209932,0.9559872175814745,0.5491933527177678,0.4433540386158958,0.3517164139698774,0.6700611066570396,0.2875135251502261,0.3936798055358203,0.9028057022543667,0.2765433066108144,0.49872008846540306,0.10231067210606742,0.8388203978419266,0.4084147565166376,0.47553892991682967,0.14827177016387416,0.8003800630085891
0.4707696408407228,0.7259213055866902,0.4259542887295237,0.9105926596732181,0.9132466761601119,0.8652191223055901,0.1365501529755046,0.15035473516104886,0.3047368423464334,0.5388449342787834,0.37089201853969445,0.5822780145592252,0.49132861021705704,0.3661341246853842,0.9706851674810607,0.7270989802553747,0.897580460187926,0.8864807184960788,0.8221567288129303,0.7916626440062569,0.9459882774806878,0.6445838542502449,0.4603909116814348,0.3605565837607388,0.677041358290501,0.31762886323505257,0.46448823523119676,0.9257135835864927,0.4282927938402511,0.47686005997282965,0.1635997638558775,0.8438832004289332,0.4588673979964371,0.5666392402019933,0.2122021660176729,0.8075792488595175
0.4372213273772564,0.8351988513105364,0.43667751225353224,0.9649707809167483,0.9265858047855327,0.8913043901400258,0.14024181854737366,0.15127746476188597,0.30844664614784345,0.5418448203650506,0.3763552138709951,0.5843524121837017,0.4862623295397499,0.3704736556171277,0.9634447606748836,0.7196345561616506,0.8879428372809417,0.8744719985391414,0.804126785219926,0.7848577005368921,0.9066052184034064,0.7269436043858439,0.4460289935382781,0.34597963410734,0.6937438875071614,0.29298324068303505,0.4560619428858985,0.995344553433468,0.4264862984806059,0.40582843330640567,0.15654773517496778,0.8450901828403574,0.39899658366675167,0.4865359960745771,0.21200145385970073,0.7925280185105836
0.4079894326442139,0.9027041015301995,0.47154069926201614,0.90532858746604,0.8974393291711626,0.942169506222303,0.13801398900290646,0.14884375482687207,0.3075591341232883,0.5389820660863771,0.37145916227606496,0.5826205612608111,0.4929877478737015,0.35588366879449956,0.979089948744437,0.7296050644381309,0.9085039530490633,0.8974023081518736,0.8342557040441354,0.7999087062503762,0.9167979145431233,0.6510137853900501,0.4769204551150749,0.37098903421772,0.6551522103026506,0.32284127933528395,0.4735304850385819,0.9112978429780576,0.2880851989831834,0.6789092570936789,0.16615281450613217,0.8365320870699465,0.39068652436279944,0.5564800922461312,0.2062937066133753,0.7907524927770686
0.466714487459934,0.8300488470730789,0.46961419733851517,0.9266656670496196,0.9352086883260781,0.8331438398016898,0.14045694335939152,0.15074099755648984,0.309779967202627,0.5374963816146286,0.37501766258179225,0.582119892085012,0.4864982108283687,0.3645205002660371,0.9635268775013974,0.7216095059409615,0.8870216007374563,0.8759976709118241,0.818296206111236,0.765510068003513,0.9298664473229661,0.6076256456548077,0.44427467168985063,0.3454917561627068,0.6699476416316731,0.31118026914323205,0.4614775455635324,0.9259903524382227,0.3324943289893426,0.367480430810452,0.1397445496638336,0.8590003293922877,0.39853174540230457,0.4760481369235105,0.1880349262823946,0.7830556785433602
0.4681897956114278,0.7458135910998802,0.48014696196426104,0.8963032084881459,0.9174206007796791,0.8851245481486971,0.13629473730278852,0.15008100915094946,0.30732856650130774,0.5356372513981613,0.3699147818392171,0.5809350358131852,0.4901516807897765,0.3481918203577839,0.9696212860101172,0.7127077731905583,0.888691435821333,0.8770093202859196,0.8148005093761442,0.7818125965521874,0.8971398853971815,0.6615820864997448,0.45459866697675977,0.3566941482360001,0.6729509357798552,0.30828038687585513,0.4444485404540696,0.8792076303447525,0.3250662411208951,0.5315028920352107,0.11723115878808316,0.8479766541456771,0.4991648464586123,0.34920144749192855,0.16181177714048306,0.7786151081003445
0.4869246550307682,0.7387672706424582,0.47967925981965653,0.9060419839618695,0.9017819704522706,0.9113072062133556,0.13201268683051914,0.14864249245510708,0.308732683760554,0.5379828559729904,0.37509306910497425,0.5827226192529882,0.48762139377791847,0.3506124749480085,0.975995727404616,0.7211700758188773,0.8987927965654198,0.8861405646019449,0.8253757545969289,0.8057323604401587,0.8244634570084874,0.9226763479350812,0.4586104654943527,0.3615739726491899,0.691385173835323,0.28091486385164083,0.3986288259236398,0.870576372788538,0.4625488448256656,0.2156430062373853,0.10192298445407583,0.8501451479025781,0.36704111710703025,0.5260650449308658,0.13607743078070017,0.7795114950879471
0.4241441459905255,0.8193564733804737,0.465195559212949,0.881361093902728,0.89058875663039,0.9413021141483038,0.13662305997547886,0.14897765929076479,0.3054608688166767,0.5389953457282044,0.37880574771825315,0.5837935602771821,0.49038589807517496,0.35446785563033456,0.9573529999768471,0.710506529302136,0.8722865344312479,0.8620989151015312,0.806944176645613,0.7667067853775936,0.852674368346003,0.7319801547577767,0.43507273784927375,0.3466644829546356,0.7004959305154999,0.27864577211618774,0.4512483977180539,0.8821719744899972,0.39722758221305765,0.434504764316172,0.1646082953371812,0.8731536172781613,0.4089526149206654,0.48721665883447973,0.20990959253769176,0.7933132386575645
0.5030672383625203,0.7555875754273317,0.4617257186383791,0.9379757779666624,0.9611230675337958,0.8036762717635679,0.14636004772322014,0.15888780995297402,0.3194072602233192,0.5535352581673842,0.39206684906283845,0.5868149179869336,0.48327398690655426,0.3611514943053262,0.9268165356194351,0.7083646922942031,0.840830703658993,0.8252847618249122,0.8031221467993943,0.758028541084103,0.8506368357790624,0.7707776157926913,0.43060038469974415,0.3437208279629674,0.6721161953955714,0.30642081239191726,0.48225879433681074,0.8898108592103597,0.47755331126097633,0.2815718072244605,0.16352412348813133,0.865755325547092,0.5673941367651214,0.368282459886786,0.22644370715844706,0.7921784398625898
0.5175722340594048,0.7427737106838805,0.5064470885943132,0.924938315831463,0.9666740243626422,0.8200844705512792,0.14865132364298234,0.15908397141997352,0.3228148554012713,0.5529479731958086,0.39760097238015596,0.5849872027339554,0.47973018493078,0.35441613343481515,0.9107466128984147,0.7094388955552848,0.8237172984621806,0.8050225627489043,0.7982654388959372,0.738419836572263,0.84303897026197,0.5836646692217337,0.4263688893729116,0.3409888604986623,0.6759008704011522,0.29977355649030035,0.46092456586192243,0.8714335763352051,0.482547350244992,0.4026596324293611,0.17232001483229242,0.8560010220995776,0.29694424493780136,0.4789012057690964,0.2162448478299414,0.7728538582572295
0.5017686956130346,0.7649169415397035,0.4772877216877979,0.9437510379786018,0.9603817264682191,0.8247493618895214,0.1492298327475255,0.16033410991890418,0.32187097326971165,0.5525423734002992,0.39832858753474043,0.5828111693328648,0.4779072908270128,0.34673029908651243,0.8870140727654141,0.7253392305711513,0.8070788498121044,0.7838299893435299,0.798161808312063,0.7486649559515786,0.826723932500131,0.7266489895441384,0.4347736953833127,0.3484934698871936,0.6498124971661017,0.3180097506854655,0.43226597237484615,0.8785350690143288,0.48421495520162267,0.305070767556192,0.15274590299367824,0.8710297221223975,0.35770924390136977,0.4134064266486506,0.19992949654793502,0.7712961838711622
0.5754237540591618,0.678766919360964,0.49372940165982465,0.8995383703578174,0.9117656090456248,0.8617281581766892,0.14699203676926437,0.15712495932352333,0.316185726351429,0.5488806952819787,0.39523463232622313,0.5823094716442956,0.45975299228638933,0.3461607236134299,0.8879498429969498,0.7235737669052755,0.8092628810023201,0.7845432233656904,0.7942562482355007,0.7416243289695204,0.8322397812174941,0.6711082293993604,0.4249777243116786,0.34094003140353824,0.6145002916546097,0.3158956748426709,0.4265342314217974,0.81779165950425,0.26064902449354466,0.503357425519285,0.1303380314195705,0.8783101646544202,0.504493997424147,0.48622670851623867,0.177064957499803,0.7626489243357428
0.48987806226044406,0.7230748583738122,0.49864615959368086,0.8911785698928436,0.9259305699960619,0.9264988483544933,0.14637284250569732,0.15875850753211854,0.32324969124904146,0.5559683284688243,0.40287728125979305,0.5821500531839667,0.46467116406759307,0.349187802535708,0.9005398013438648,0.7266226179803874,0.8205469090900726,0.7986355642654085,0.8125369311860742,0.7757401415165204,0.9150433392093962,0.6303523873811481,0.4441617416477207,0.35989514809221257,0.6273510855196017,0.3201038762276376,0.3750145201762005,0.8100598310123774,0.4789687521419995,0.41271691028544005,0.11389054247295749,0.8789214702029591,0.5373073363345112,0.316142728608543,0.1530976098290981,0.7617264091764274
0.3788138363634334,0.876249343192993,0.4596604959208344,0.9006872979095795,0.9442904665167643,0.8070959925481646,0.14577437306965946,0.15838507308422825,0.3175816487915364,0.5490264235407762,0.40156130354590464,0.5770106213578968,0.4549358772415413,0.3495588499075377,0.8866629574669668,0.7301012908541431,0.8059915679342227,0.7854579519991975,0.8013176013686207,0.7430802987267389,0.8065543745589852,0.7658957985525627,0.4187992691293012,0.33988565775014484,0.6125658490426417,0.32495134115849184,0.31873548640945554,0.8573745304324862,0.5935029343903362,0.27606482335925586,0.10639674246887898,0.8679172538109912,0.320724085915847,0.5897973515709372,0.15509582728446356,0.7745321423657866
0.4632738183401448,0.7032304516789986,0.5129875566964548,0.872876683264652,0.9441903912053877,0.9095474807548929,0.15232177640907635,0.161561003237607,0.32730210182926933,0.5618963582593305,0.4146716384665865,0.5727496034218317,0.4739483330840131,0.3675511998035988,0.9441086807146221,0.7317345400376298,0.8548338271360613,0.8406085280922708,0.8602906568890969,0.8662561760670439,0.9159912400006751,0.6881472125789703,0.5020766642336534,0.40142684499012726,0.6401867834057899,0.3645179307151716,0.36752951140046164,0.8070641830216412,0.4606294692048636,0.37209047655576455,0.15158542389965646,0.8576959483971702,0.49604466497455346,0.3520916864354531,0.21189130808156986,0.7823116974593789
0.42132821587559977,0.8142631648314977,0.5115165335746724,0.8947380113866248,0.9045367692860116,0.9792927046287219,0.14345917291594507,0.14980567662748573,0.3260986941561861,0.5542997174111535,0.4153925861715632,0.5602341278578263,0.46788094277957265,0.3757343538300364,0.9608506081135543,0.724499744419159,0.8674044045420883,0.8552434142914739,0.8684412907619261,0.8425921611913152,0.8674634557695432,0.8088695274627243,0.4860200144950533,0.3877896060892471,0.6883057576371256,0.3016515524144291,0.3782071764246394,0.7760672085031871,0.4475205461343659,0.5529565277360194,0.1307412470285622,0.8548009868806983,0.529353067430073,0.3681969791872663,0.19736193196628707,0.7761158908870763
0.5272520790296963,0.7088762115662064,0.4940580495417783,0.903847201666653,0.9458428650302988,0.8741594709207656,0.1422885235862486,0.15207221189008607,0.322742517975812,0.5529064645821133,0.40676505810709795,0.5483495493826891,0.4628743453691144,0.37669656846690164,0.963515821520746,0.7186275416771742,0.8715302788333755,0.8605344624914043,0.8622074138084346,0.8399840654385525,0.9602922488954397,0.6839197030115917,0.49137650339764405,0.3952555686656647,0.6627419149987177,0.31516258455196877,0.35287921773885966,0.8320008337357658,0.34796502706653626,0.3792279383756706,0.13630083454680658,0.8645897842751611,0.32721689288975725,0.46743993464933997,0.19328664828074033,0.7625095590006629
0.4402290484046917,0.7692503131091637,0.4096230128310303,0.9596927821301939,0.9040640477985233,0.9571395297119951,0.1478388055710313,0.15640486811467483,0.3198366966158626,0.5522619111884832,0.39767955179149234,0.5412110539205448,0.4703042981640234,0.36493341866615425,0.9123264944938778,0.7287109223849377,0.8301375520260545,0.8078417206594053,0.8126946789850656,0.7698683231392347,0.8302886435591075,0.7587895018367393,0.4249866521526295,0.34128804178965855,0.6032196386772828,0.3406399701474133,0.36047976138055543,0.8537292825814675,0.384902198886142,0.487917652888522,0.12557788224936306,0.8645810958106763,0.3551309809938271,0.4760015095128447,0.16503541571313055,0.7655689032844684
0.4262405232457431,0.7935779533923363,0.441434574738534,0.9273115764212527,0.9359700155552805,0.8326178102355718,0.1483528080939363,0.15718919508392967,0.31231484901915013,0.5473564393690833,0.38207747209707765,0.539314942034262,0.4612380855264694,0.35653375296767464,0.8923281544590107,0.7265948433956073,0.8139439946436668,0.7882781781537926,0.7854678877919283,0.7458829065114276,0.8445468553216005,0.633724037701811,0.4114701346087513,0.3358126042242202,0.6396699747483164,0.296064038316872,0.3774655227415264,0.8026222702819124,0.348675509497104,0.4805207705092639,0.10815728713162504,0.8742692460425641,0.32833126178474065,0.6225065928617161,0.1416556873085333,0.760198141468966
0.40796733986309064,0.7679005776811483,0.4699874797762256,0.8870885104416553,0.9404404691241051,0.8712838860012786,0.15204643967166426,0.1584252109354653,0.31329888408104933,0.5506300545424907,0.38270546349233264,0.5381148540717573,0.46432350821287904,0.34789825916559614,0.885707928986188,0.722550896041899,0.8060517099639006,0.7774517086157917,0.777264928037041,0.7434887814990858,0.9041029585935104,0.45009999328480355,0.41342798057624,0.3326830103705948,0.667829448408102,0.28661140209961433,0.32713072371847607,0.844661963698214,0.5279618985001862,0.3881716212556911,0.08475750394810805,0.8870077137112102,0.5236838327343223,0.38612983562889025,0.12474605782550213,0.766185770879225
0.4234233548021294,0.7242192703828194,0.472937249508817,0.8973873243795902,0.9059197428747839,0.9627961792768711,0.16040954583994865,0.16391456675518679,0.3171979170753138,0.5549495401821628,0.3909246967060691,0.542990154390338,0.46920815316037384,0.35909277882431456,0.8702194514526789,0.7322193964187822,0.7934766703060018,0.7625207402177434,0.7743190623316911,0.7334876038800577,0.8098365091650761,0.6739692524165102,0.4059286547771338,0.3301715565740472,0.626963606061562,0.3087949324790577,0.4303406350647757,0.8077824648245961,0.5259811162469107,0.26056187704726735,0.16234468126517504,0.8637931548188038,0.4681178777604517,0.467149858929884,0.20273248252614315,0.7782514837646612
0.4758477524386079,0.7310934305468982,0.5080867272697636,0.923586893904504,0.93542906304051,0.8744514357124027,0.15988556192230596,0.16580605343302654,0.3182750988617947,0.5529026933301535,0.3891732438560575,0.5435127527295693,0.46082601238986415,0.35744953669673246,0.8525297156916584,0.7331041824901633,0.7792251112394475,0.7434100801161805,0.768629431704217,0.7075615903961072,0.7849517770893945,0.7119429087601445,0.4005751443378258,0.3200948372187953,0.6578153873770709,0.2722017558598131,0.4266586502350396,0.8539393319794097,0.3306545016632978,0.49142208524806386,0.14731260112268585,0.8719538896218124,0.32563450229484536,0.5915074078425568,0.1994871742354558,0.7730807422481889
0.41341479605115883,0.8153549103822051,0.5136646776946265,0.8955236829522941,0.9442786791058768,0.8420178122797234,0.1523744043311936,0.15754359580952132,0.3110597011575174,0.5474037883256264,0.3729186797462113,0.5405666624638257,0.4528263598480939,0.34412966412183554,0.8494549102076236,0.7273473624680697,0.7793037828715992,0.739554615470249,0.7488636226618341,0.7201598492762494,0.7866015902397344,0.7199507984110494,0.4060332561369495,0.33184721698332553,0.6334527240104746,0.3095782665518898,0.4049677867189124,0.9013563262081496,0.4647034154558827,0.39917390475361136,0.1574691053836928,0.8641120425501908,0.4889423249994948,0.36424968740375285,0.1995486907993682,0.770269141361716
0.466107957303274,0.7587227294096581,0.5032314401487167,0.8588128291513303,0.9480375497247852,0.8040278311548001,0.1507097278598849,0.15832472841886946,0.3085574530441777,0.5456755296210329,0.36876003269172497,0.5399619344606836,0.45403004473547565,0.3348613656290383,0.8430093660124032,0.723622003717298,0.7730891350471876,0.7307723081351587,0.7460648401384071,0.6927982878960692,0.7316691641844775,0.745471155916566,0.39846972242545464,0.3198471023654914,0.6423991577664915,0.28871131606673184,0.40139710858334104,0.9074168408133219,0.4663233842142587,0.48296866879471073,0.13711455889850743,0.8770604559156774,0.5022334468378263,0.5387096333371335,0.17966141280563191,0.7636675779506765
0.4778394107343282,0.7032498029325105,0.483766564664704,0.8647137546587313,0.9192186312012961,0.8655310588966691,0.1491353604149861,0.1554013340354663,0.30516005713637456,0.5444570719139418,0.3666175961889342,0.5395796506514037,0.4515088382275392,0.33059367210742807,0.8414817001643818,0.722397914862412,0.7711237623925415,0.7312311662683249,0.7537160911802808,0.6947086848950633,0.8261366195463329,0.546540481954251,0.3976701046287914,0.3247527502643198,0.6302358022681414,0.3122222350861743,0.38672031802490897,0.8812469029667491,0.48876988318804837,0.4175251132194589,0.11511131761611415,0.8832411933332894,0.4685629034807156,0.40335805257348045,0.15499907632752039,0.7608995086118029
0.38487004719466256,0.8387905109957463,0.3649783045250309,0.995222956262521,0.8866937747233521,0.8893274086349199,0.14224812037605766,0.15264976462193813,0.29714596592212494,0.5378301986787578,0.3563242600411233,0.5398837622387622,0.43935805312154586,0.32569640958668766,0.8383627351332654,0.7155780510636518,0.7689001482988648,0.723791004627909,0.7368212520548081,0.6717913130978299,0.7695376787844729,0.6687513786870956,0.3848922485189581,0.31461334098001165,0.6504632494366626,0.2813442732246832,0.3704169291359786,0.8595312802234529,0.25530962530386725,0.5053419242397985,0.09751558894852708,0.8868527164516489,0.35085451721232197,0.5286521752425999,0.12304042015746647,0.7693129133134526
0.32966313259105084,0.9318985105902773,0.3864557652442821,1.0000000000000002,0.9247016822046389,0.7711032864093722,0.13780406927954547,0.1461648706477381,0.28930705651294897,0.5304478434362195,0.342346823169971,0.5375583950626683,0.4279030080081288,0.3156817473675939,0.8402877810815763,0.7049915528804913,0.7706277605237785,0.7283595418405121,0.7303261805130522,0.6896742867660889,0.7475523027658633,0.7373689021716896,0.4035597806441186,0.32953014524275004,0.6320730028600782,0.29499211292502503,0.37486807603126415,0.8435357453497905,0.4021361524219716,0.49253573430943676,0.11750859314846135,0.9074727177962196,0.501088660641225,0.4489197809004062,0.1766575403308946,0.7824454363037342
0.47376972333263706,0.7420157593503605,0.4826627386778995,0.8828538613941197,0.9023585396103254,0.8713196411669701,0.14339293813283965,0.1497598619610076,0.29304603641774396,0.5303035815762962,0.34773011798795905,0.5402664675774447,0.42595717477906203,0.3229225958198641,0.8362333579003993,0.7089455586582776,0.7689799392174534,0.7253622736221665,0.7343295245245995,0.6852051836610241,0.7279346288179878,0.7821433865735552,0.40553951297549934,0.3289523637557385,0.6110169347377551,0.3175815868126334,0.44235123690915157,0.8797695482066865,0.35021595301200165,0.4476126888760583,0.15504139793807648,0.879340982187331,0.5511070362064687,0.37668915261753066,0.21960078623036777,0.7820677489279437
0.5255721600534365,0.6921628813655076,0.5298545613274679,0.8711363473379555,0.889266608487881,0.8937467232846461,0.14238152992921171,0.14925080658538875,0.29494936445581943,0.5335911333834954,0.3555316210538506,0.5400425230355551,0.4336152649222226,0.31695980864391193,0.8400216083271907,0.7074835796992207,0.7714332300155597,0.729564774254683,0.7409764131438955,0.6895822787070653,0.8174506835070314,0.6516879879321271,0.40993711511933373,0.33319190441303925,0.6641561383383267,0.28054207329215053,0.44439977320872504,0.8809083358172194,0.42106588320410415,0.31203941309240685,0.14443120717533037,0.8859671813399351,0.4288857199351567,0.4745412041808058,0.21370132237727402,0.7805655829459011
0.3639739280788359,0.8812130082055117,0.4534428069192347,0.9227661510235812,0.8717821178802041,0.8818775437897572,0.13719349426186278,0.14518696433132783,0.29033924655109633,0.5259825629740147,0.34765618143130167,0.5414176960703849,0.42913168247756683,0.30032954902309217,0.8344942118000034,0.7061717311298428,0.7690102861000241,0.7205762558820858,0.7299814276866067,0.6745959631121128,0.7943346040070887,0.5722422857400975,0.4062246054551917,0.32786896543851973,0.6231946656840643,0.30046376336853114,0.4546431887089473,0.8656873562146082,0.2841354338296747,0.4341458794023506,0.1502703728354684,0.8959788634051968,0.3054672858685114,0.5987470896351561,0.20667993870543877,0.7767951770389414
0.4841716183826802,0.691238018617399,0.46670570895170016,0.8742371671339306,0.8637569023185147,0.9478539196099361,0.13480365550569973,0.1430117106678424,0.28947285523598665,0.5284056950032131,0.3447963505877544,0.5446936610766434,0.4272396292718264,0.3003919120603814,0.8339574851903782,0.6998277800220165,0.766986520396279,0.7203943125549357,0.7259449696071917,0.673359705570565,0.8034178304683322,0.5317494613279661,0.4093791666802272,0.328548566912805,0.6409552133908503,0.29639999210068946,0.4478250079496951,0.8456920259378644,0.3717460481293994,0.4632016233530827,0.13443518330090515,0.901721727261948,0.6117671254728133,0.3492967573503697,0.18703304088723138,0.7702237513747658
0.4049904027256672,0.813367644044803,0.4298452632884655,0.9508352314220382,0.860344917832712,0.8809009946686137,0.13345489569479235,0.14276899285568895,0.2881559926513939,0.5257831020652719,0.34624172631163874,0.5415047652112387,0.42814612579097056,0.29570425654227406,0.83575795461438,0.7042722189735953,0.7699497449944845,0.7218543821292904,0.726951389564771,0.6827532908942557,0.7595104666098293,0.7369662985174905,0.4059619325112744,0.33253112063202206,0.6349772031533283,0.29685487394792165,0.40861542656077854,0.8597307413199855,0.3359035491603962,0.47754036899897456,0.11234424124931064,0.9095323222599667,0.5213835868185945,0.35949967609271294,0.1603769006757075,0.765661829742841
0.346736899894914,0.8783835192938958,0.4657294521652636,0.896288934990153,0.9234364582658505,0.7665649809468071,0.13101771856869132,0.1426330345626119,0.28787680423386774,0.5275709333026405,0.35025706059823525,0.5424965888808068,0.42252783138415817,0.2978760712066048,0.8374185749199738,0.7071625615703374,0.7712285008414608,0.7271411642706933,0.7308562622785979,0.6891333415679961,0.8492216941041801,0.5207905619824552,0.40536025789111785,0.331731204925268,0.6256418474485224,0.2995737114587847,0.39151726479780835,0.8238024643306592,0.4150392986617436,0.3699494030088164,0.09428104059345438,0.9025393239776982,0.27846077749449605,0.7090330592700079,0.1316768973687514,0.7744515641410696
0.3717708456547872,0.8165259915714561,0.3656114072587706,0.9924026420746401,0.8573081992380562,0.8948086598247166,0.12464479514602284,0.1413523115970342,0.2821370252548867,0.5210314690222914,0.33917695169056616,0.5388332229249905,0.4179879575543396,0.2910359784801268,0.8512429354383089,0.7045347033217824,0.7875387547781274,0.7443189382836439,0.7336502658270481,0.6995715979267905,0.7475787481623244,0.7821076904188649,0.4188428200247438,0.341203591594594,0.6732328873109918,0.26473176381832186,0.3915634959091021,0.8430672282218739,0.3905712004680624,0.41561703713495596,0.12386246061458323,0.9123467199412465,0.14231176780720822,0.6676714179622294,0.1828294919520956,0.7921813047896226
0.4623658436594897,0.7366506528203425,0.4990741908096149,0.8729830144192201,0.8525575642041668,0.93978912843184,0.1360606487238708,0.14803337047976606,0.28991141615417226,0.5330054068677512,0.353322952905736,0.5410296078275285,0.4166020649713895,0.3057139657385384,0.8551821271400694,0.7139122465949232,0.790648115627709,0.7516987982850383,0.7500974949322323,0.7219696546461419,0.8021308118951637,0.6755293223675299,0.43912602474390533,0.35918341584215063,0.6457426692441265,0.3094959472356506,0.43593589133984173,0.8642742120575708,0.3824273824848204,0.3324866442095117,0.14951486694615124,0.9058223158111925,0.41610519472211177,0.44968876949386705,0.22037057120930686,0.7876723944638897
0.39841143677576624,0.8245361021575051,0.44297697880738207,0.9423528506055012,0.903645538951166,0.8303886324680902,0.129653987767766,0.14248027808031005,0.289099491759941,0.5286635239621343,0.35725864279288416,0.5377713492094265,0.4103309797384981,0.30227889484857595,0.8601647035718438,0.7093099318281104,0.7953762445491999,0.7568786834898811,0.7477079862505154,0.7083826944302478,0.7959691539227866,0.7071901876837989,0.43706404415628647,0.3519418873305403,0.6618997875671055,0.30413928815551305,0.44440217310254976,0.8242966766613998,0.28333251484264005,0.5496976853619763,0.14717671989687875,0.904488710259646,0.5014626955729843,0.40632783084929197,0.20812237913734424,0.784135933271944
0.5336069740789571,0.6339775298393555,0.44300746618227205,0.9201654667724435,0.8318277179304315,0.9999999999999999,0.1287854779954576,0.14018003726433625,0.28915444245641075,0.528218249161173,0.3571904209013693,0.5366968562882775,0.4008139874519534,0.3082823125068773,0.8748569344957872,0.7133492168545735,0.8079776537271303,0.7780771008897711,0.7752299466117551,0.7413827831224072,0.834266893321298,0.7030406138851255,0.45822399901935135,0.37000523081468306,0.6460433652236044,0.3186986168144872,0.4141245856685157,0.8746070742114785,0.4892591288522602,0.29274390920194043,0.1535254221591899,0.8822165434307818,0.23516965424224318,0.6455390004160193,0.2005720562078076,0.7875618069282706
0.4745117086330969,0.7152950641424114,0.45155771784730603,0.9180776849821061,0.8765838462275874,0.859042975212479,0.13144472266530688,0.1425587859669495,0.29174958201961365,0.5307802697310887,0.36841324663759867,0.5364868344167872,0.41571493617205524,0.3067990455836042,0.8774814801149984,0.7139203486490746,0.8057968587157438,0.7793688387134243,0.7544990913165497,0.7401248704534327,0.8407741758779848,0.6389156312595492,0.4388638151543075,0.3579144217581077,0.6395309432208324,0.31767989241773065,0.39105709496618407,0.8932830811967354,0.5214211593951922,0.3200054307007137,0.12302524078234117,0.9131128410198859,0.46888047501479174,0.4716522677356921,0.1750956533762177,0.7858215069954593
0.4424588926258781,0.7032285985085039,0.4320555184610022,0.9213104286572814,0.8696752870044324,0.9518810165908234,0.13598532321185697,0.14558012832493106,0.2939349855436123,0.5373486448109985,0.3673337320224406,0.5343566343782942,0.40983442994841435,0.30778505868953887,0.8894854332434197,0.7158861896685516,0.8152271731695234,0.7884294509813274,0.7600188851110592,0.7697218384930349,0.8164218758832242,0.736787998835082,0.45328539286316616,0.3707542519525885,0.641940165634267,0.30527893573284837,0.3683852975576689,0.851475681070555,0.39281357522434285,0.4432261642508692,0.11143397742232353,0.8973597636028284,0.45037865683748357,0.4156146095413073,0.14884187630562645,0.7843122240186277
0.46210964194061926,0.6797019880881833,0.45541772917849166,0.8796081003382108,0.8764508605107661,0.8997046787288314,0.13272560506596487,0.14710617137587784,0.2943408047833588,0.5373268991840265,0.36848012032904565,0.5339995646684839,0.4110373890052885,0.3115008128639431,0.8948836246300782,0.7150618445331658,0.8210333923122164,0.7923927023397099,0.7760923006108238,0.7715142740030947,0.8834526771490641,0.6597394036845161,0.4570734155076658,0.3759231036381955,0.670116402507354,0.3062767704952957,0.35701396352588183,0.8186777992506786,0.1821879158682914,0.5665872734910522,0.08492002405906562,0.8960350581732903,0.4502145533807655,0.5347532883728074,0.11931533869073141,0.7898162753419369
0.3966489009383149,0.7037752962604192,0.4752232967239596,0.8722350282990301,0.9077140727442529,0.818693513443802,0.13445126418660086,0.14619227799051177,0.29127557869664367,0.5345254358974579,0.36576221919388663,0.5305212604667309,0.4188686727165247,0.3097637083521121,0.9325188852644732,0.7138946726417448,0.8512950825287613,0.828323715927616,0.7986646030766047,0.7998201857268427,0.9169689831117045,0.5471628514254046,0.4717741939447419,0.381060304744539,0.706319174879569,0.2723303938700212,0.36866480886953695,0.8532150619313306,0.3551053128767934,0.5685182552840834,0.14020299409767367,0.9116087210315148,0.42346382683242456,0.3983787409781391,0.1849178364893364,0.8140745328657168
0.39542084496492974,0.7938432295932407,0.4195862829290228,0.9490481772692636,0.9405970681853789,0.7964858596255567,0.14324672596487387,0.15183600412296322,0.2941466440616473,0.5378370689582914,0.36910780923995123,0.5305276968058219,0.4176994448440947,0.3195191497230445,0.9315166346770886,0.7142441134387485,0.8489398656819386,0.8284766602280755,0.7869125931943142,0.7819971138719612,0.881648946419566,0.6853638823962109,0.46379018167720293,0.3736624004890692,0.6460974705561939,0.290409642996748,0.4289410942356597,0.8168133424424648,0.35050299513346955,0.5369916725509551,0.13315306159115653,0.9141149305865148,0.4487159172136288,0.46840321888440717,0.18713097937617895,0.804966979990456
0.35729119935236386,0.8368298368134773,0.5145388105974866,0.9172291792386739,0.9182232614658572,0.8410468728595815,0.13926385817232473,0.15122018958042455,0.30018475744517026,0.54254595543323,0.3757375365729776,0.532917068858308,0.41691612712044435,0.3198595251088918,0.9186757888952333,0.721745354614783,0.8404985332532067,0.8159829928230067,0.7854272577704666,0.7834725502509241,0.9029546799005874,0.5693389558980239,0.45671717274407386,0.36628633852439374,0.6359822605578623,0.3060238202337562,0.3875764834711375,0.889797230816536,0.3153042941543553,0.4086748389273426,0.1274235458337067,0.9106211364376549,0.21702617088566328,0.6399998685399994,0.17663466506275707,0.8139520977259798
0.4911486945471515,0.6692458866096145,0.4044574720573337,0.9402463060394153,0.907689454828665,0.8868955505023888,0.14291740792062507,0.15187361005268024,0.29736102058863845,0.5429644340233689,0.37359005805959955,0.5313726034599688,0.4313336667818605,0.3194922873035144,0.9496072450224586,0.7159775257031623,0.8638536976455964,0.8450964736436244,0.8003616224515435,0.8113388477652759,0.9046385019427925,0.6904681102974869,0.4758291476956929,0.37820032805373177,0.6729544716023398,0.30489890581248213,0.3832258561586378,0.8621395857918914,0.4479738326212185,0.39447433810713994,0.12014429368158952,0.8997772901120442,0.38510135926418815,0.45604121490073424,0.15874274073823216,0.818015198541967
0.42487622064611985,0.6802455630536107,0.4857674834757863,0.8596282304281614,0.9057996075849681,0.8877839191381727,0.14054798599616508,0.15013314878916179,0.3023538559116642,0.5460123125807689,0.3780041740396676,0.5324856323689533,0.4198605064845202,0.3302945923661817,0.9329780103722551,0.718016135350159,0.848605077163674,0.8291463159370664,0.7760552884163555,0.7903970880173408,0.8900151639536167,0.5869248698306824,0.45271028025026827,0.3643787706648506,0.6456263020771515,0.29673854005552647,0.36903992039243055,0.8866732101409271,0.39158756600376987,0.33514551505699297,0.10173734263436435,0.895341501791437,0.49129117832828545,0.5092676874741907,0.13329421350117848,0.8197128948178768
0.37177055734403813,0.7503357673925215,0.47983993434444483,0.8810686289315,0.8982916788795444,0.9149513734927748,0.1365253112791791,0.1506973176221954,0.29804565550795825,0.5407034973900299,0.37172128676240335,0.5279688128895085,0.4188038064924785,0.32253062453832554,0.9445714291329808,0.70845190115037,0.8584834227945721,0.8385014815811136,0.7895624261524344,0.7856990981466858,0.8481417560366175,0.8037081869929518,0.45552901986690675,0.36739249450575184,0.6447117945547349,0.28363625850893126,0.3563648181871679,0.8449900552820175,0.3033197172062788,0.609580190274061,0.0725255247393427,0.9130893384362827,0.5710598568377179,0.3096459076623817,0.10344151123293854,0.8254803278950138
0.3772857605196004,0.7160777163724228,0.41258233570502717,0.9333531182893613,0.8736728068166822,0.9019527983197176,0.12910345246003468,0.14373427516785103,0.29156612719047004,0.5366572853777838,0.36192114892668853,0.525975207002373,0.41170609265638336,0.31472068274363707,0.9452008858011021,0.7022459137478197,0.8602477065839635,0.840347475191043,0.783867288824766,0.7763911332218396,0.9761802469446172,0.4520308286719147,0.4507953361245376,0.36196208608288405,0.6427780248795161,0.2816494212410731,0.3299057910935403,0.881872672153878,0.4307084264630972,0.2740556235529034,0.06465400048235287,0.8970648821735039,0.40485232183614284,0.5086443372751329,0.11108284040959426,0.8450585829254196
0.3475833293118958,0.7937461502318859,0.43428120583936164,0.9386873840058221,0.8999924689376361,0.9072491915475756,0.13128581933047545,0.14382604433987373,0.29276970009733555,0.539565382089952,0.3661008083932458,0.5286675081253452,0.4277776687695942,0.3159374005030452,0.9657390286345664,0.7035184297866706,0.8812535146663832,0.8654831716330253,0.7956190489598656,0.8050971927322323,0.8942359184716788,0.6812981191511464,0.47901053148167255,0.3778169946958478,0.7026949540085607,0.2809008082032255,0.42555516125269255,0.8835705926453524,0.40335473442732345,0.35618046699763767,0.12872175443042444,0.9124048139530065,0.531324003339031,0.40751207795656547,0.1825457423165291,0.8555701446241397
0.4257946913745148,0.752206251719447,0.4551155375342973,0.9386065145215378,0.8634854935306477,0.9533634165159012,0.1284913417603306,0.14092870782804479,0.29436223331199196,0.5357018949972455,0.37260551841487444,0.5293516287066014,0.4299734989613367,0.3133305979264025,0.9558686708769502,0.6977464961037809,0.8714696597888884,0.8528892804764225,0.7930452829584549,0.7818894006672789,0.8732217170735516,0.7050962460639728,0.4648213410139371,0.3630754779804337,0.6817435183672873,0.30937779977567154,0.4311949590097584,0.9037490332327325,0.1791491830930776,0.6207391219803673,0.12719951440921146,0.8968291552556987,0.3103368846978868,0.6015923124700733,0.17968135592673742,0.8518899344093716
0.4111064576491059,0.7661336538540541,0.4361408652558521,0.9258349282574437,0.9004133463383566,0.8682191388167995,0.12586300083204144,0.13179564542071076,0.2839764951969127,0.5208226783893412,0.3520903305887103,0.5219178000478457,0.4174953466718113,0.3068985933447252,0.973988339099082,0.6957803101566415,0.8970751672263468,0.8786045833167102,0.7901140600152453,0.7969991710101958,0.8718281280717994,0.752716148682246,0.48473167957802354,0.38227724255947726,0.7183155050697059,0.29666493190996995,0.42058661475514253,0.9109931481534623,0.43852055644030713,0.38830763783657474,0.12945340984651593,0.9011579595062967,0.3196190313834569,0.5159058412588703,0.17140902149660278,0.854264384158772
0.46711437491922064,0.7692994121299161,0.4247785261475327,0.9615521252740289,0.931107949194756,0.7912794464923498,0.1281247620401545,0.1307985383837416,0.2848222880896254,0.5206075926331971,0.34977159351563064,0.5236453934334028,0.4152892124971924,0.30230159433273035,0.9630830051939367,0.6926727662551186,0.8807451670038824,0.8659531157658744,0.8011262932231057,0.7683329700762915,0.910298834992139,0.6725648700974264,0.4692172800431614,0.36514021828913445,0.6855019008496013,0.3238888625096899,0.41616725258128157,0.9340791263321336,0.45411624315827864,0.4179591837695421,0.11715402510060918,0.8894478904366685,0.3171848134960995,0.562747813451809,0.151976451040108,0.856185094176773
0.3564856806819085,0.8117037405120653,0.455559886752811,0.8449648737149098,0.929665260507756,0.7540325950370976,0.11815985424712716,0.11615382954799541,0.2730992931102347,0.5047026124387393,0.33167343464200694,0.5124821779784006,0.3995830603225675,0.291146483696631,0.9841489196178324,0.7038638167593682,0.919310737675431,0.9006883913494451,0.8256130263397969,0.8028704646105482,0.9566477756216877,0.6586446579950156,0.5101075550936676,0.39946337328120046,0.6917758054919949,0.3429519835026703,0.38696539916928074,0.8937999768146802,0.365307210774962,0.4328925222068378,0.0890086521930814,0.89681249959275,0.4536319314440647,0.379716631055326,0.12560972304956458,0.8588312278234312
0.3365605122044393,0.8464479656934748,0.39630280702999704,0.9384451626116748,0.8488785213536113,0.8771802877559193,0.11184506003225919,0.11359654170698374,0.27021667286092577,0.5026261891297007,0.3295904530585718,0.5117547426071767,0.390350454342211,0.28583012363221305,0.980222961127103,0.7043166782263098,0.9142086989808371,0.9013575539742483,0.8032318245957571,0.8118629403928603,0.9720196821067116,0.6180731543379511,0.5031106161827194,0.39668603796913715,0.6850273826543872,0.3243955614519459,0.35345108598197006,0.8964727743075973,0.467103599410129,0.340746615785851,0.06516733031464039,0.9028600959195741,0.35052675356893004,0.43372697830534557,0.09468005465366902,0.8676389665098518
0.3747640410112151,0.7890664059906959,0.4264953371608081,0.8631812625764145,0.863559030313297,0.7686612769812102,0.09978155601145816,0.1011875812307606,0.25896995450172355,0.49049899011628756,0.3140342098893498,0.5030665403587079,0.3780571872351788,0.25751246384955734,0.9874957540672589,0.7169754622610035,0.9303062223466119,0.914590033998359,0.8128821760469369,0.8183201720925107,0.8857522893670304,0.8680785868468492,0.515507373750615,0.41244374762967495,0.6822282665000143,0.32721134449471756,0.3201882114133672,0.9138630025277629,0.37827173827597893,0.3764369555694485,0.0768891568416662,0.8986207896870456,0.35143889438907405,0.5137925570730154,0.12125581502794075,0.8922890206384637
0.4532841378388731,0.6886954385694387,0.4243058668665131,0.8951845747503273,0.8813887864717403,0.7579252040736854,0.10050806011832941,0.09989594972922938,0.2653426480031848,0.496997042174268,0.3178752991253029,0.5058373496307007,0.39270393173990265,0.2667717615958606,0.979336887705121,0.7235242402924806,0.9314182550619103,0.919321741025968,0.8095951232307115,0.8200905765168711,0.917686340286419,0.7324110683051284,0.5146678801416139,0.4103947538630568,0.6799329776515239,0.3636402618818302,0.39756641240387497,0.9554721138323399,0.1088946264352843,0.6705569574160423,0.13282844868987687,0.9121914507345288,0.4983965889499902,0.5207312450105388,0.1778044721819292,0.9007676898558863
0.3633714511499466,0.8614147809064583,0.3723977278082249,0.9683753554139551,0.8770844241526861,0.8266910070629487,0.10956593061574416,0.10583046376797867,0.275942406980615,0.5021860389344217,0.32741257663932266,0.5114842098154735,0.4040202742586988,0.28338790930280744,0.983338695924614,0.7241427806593912,0.9359141807020069,0.914788638969186,0.8345039163975809,0.8184977361413007,0.9062416712062902,0.7628839138933359,0.5217704710179942,0.41112468508260924,0.6875666581565583,0.3518337255991717,0.40786802667760813,0.9326003825194671,0.36419908453669614,0.4207548415514428,0.12367821411338492,0.9019492730227581,0.2159325105568248,0.5915355415831904,0.167230306368681,0.8922572459446372
0.44409031063286114,0.7451868522357141,0.4279392409801433,0.9048620010833559,0.9174153869326911,0.7292328704297155,0.11170254957013898,0.10801447820793936,0.28154678500177566,0.5078176748031253,0.3331638542360297,0.510256185148148,0.4069676194886536,0.2924901652959078,0.9888282516551347,0.7385295394531446,0.9432177746463347,0.929479658076825,0.836804060545203,0.8520080930937486,0.9236654363785062,0.8159964672733052,0.5334418712850987,0.4238867278552939,0.7129834707520073,0.3392183154945585,0.4049430208000037,0.9077821356877751,0.440426802530475,0.3862002622275982,0.11591899675245693,0.9204863217012171,0.3594346885341012,0.48773531422222666,0.16320312293328046,0.8862505427345679
0.397155602258348,0.8112664389648653,0.4519172881788856,0.8732063490782702,0.8816714484096003,0.8851659724453187,0.11681032081746573,0.11005726063916216,0.2862191388746981,0.5123475271853928,0.3361798041219449,0.5102027031319257,0.41127691702085256,0.30055702381125815,0.993796090083199,0.75944582077095,0.9552995560275623,0.9426388123811664,0.8486022609088955,0.846937259830935,0.9439120415152498,0.7289807171280343,0.5375624339088864,0.4242433711113205,0.7061614077715154,0.3459728964193899,0.3900409806038472,0.8977084346243227,0.5420615669660919,0.2956019541604317,0.10229112544452024,0.9072580143502905,0.4357857791514322,0.4968735620624112,0.13759031985866788,0.8882216046819558
0.46725490623894167,0.7182057364743641,0.47662775162778914,0.8540996667004552,0.906530865681869,0.8170237389624413,0.11707735803540786,0.11382130901551119,0.29070613903442827,0.5156184335582802,0.3401301930768909,0.5118438417635205,0.41144332260544236,0.3059814633637161,0.9879548897961591,0.7611258681659182,0.9533462619326121,0.9373194158673792,0.8370854502481884,0.8434518696986615,0.9012059067454228,0.7737000974635044,0.5225901125268526,0.4119818994507456,0.7261600111336517,0.3124253208852882,0.3805568150198472,0.8559205128414369,0.1721582655010415,0.6205889117682695,0.08030606533571383,0.9178070795980511,0.5020027871155875,0.32516159453419946,0.10816391601815117,0.8846718166091225
0.3946109678994264,0.7297272574579226,0.468624445496678,0.8332681585335793,0.9294936162240569,0.7094278700021199,0.10965159747657671,0.10857700097171469,0.28539968457855464,0.5113034634142202,0.3294333367785266,0.5104002821997826,0.4156545386834188,0.2976414739209703,0.9933539543872238,0.7841452103862023,0.9644740550012659,0.9536388637774542,0.8341370186729629,0.8622847126361181,0.8575776980448508,0.9334381372513175,0.5236318480884667,0.4171128985325398,0.6940958537674461,0.32019373558571473,0.34022800093601446,0.8614540554936849,0.3611814813985343,0.4203111527609952,0.05884022828009017,0.9175973906795303,0.19658444062962882,0.6664564334904395,0.07731301576793209,0.895307481027543
0.2980435378191759,0.937639587508555,0.449764728540927,0.8827294010754347,0.8885631063748468,0.7841903398025328,0.11246842214373948,0.11461490816736625,0.2906466504699903,0.5205134550059386,0.33748610355346403,0.5121926169849307,0.4113411907174993,0.30965693566284147,0.9862336103452808,0.7835582338406288,0.9605024621599602,0.9493507887273362,0.834394856173607,0.8457096340320683,0.9896391928382473,0.6284625096996145,0.5048460708778131,0.40061813077458186,0.702818621225217,0.28850835286062515,0.32359750947660426,0.8795163373553141,0.40116985981691966,0.3733514751394229,0.05253911412125595,0.9220452311177878,0.677281949710558,0.2557723477892391,0.08470742716365132,0.9111016512717866
0.37730041941570946,0.8052194145049554,0.42216279374835175,0.9371876894150485,0.8713817541448587,0.9536182519299552,0.11537648019463215,0.11977910921938933,0.2975025312347246,0.5311929476666859,0.3478428494028771,0.5149036191967317,0.4286359454732102,0.3159202495087615,0.9957623952805628,0.7999739762117273,0.9763670167276608,0.9663900832644055,0.8621240147537129,0.8753328201234984,0.9729514816552276,0.7779998609144536,0.5248731722943629,0.4162061871824189,0.7028760824945933,0.31672733301396744,0.37766634087805767,0.9066811578355102,0.38475448999375306,0.5261556824248385,0.11464375677060962,0.9140657128050819,0.38623755702047685,0.5528277692404099,0.14018292333409585,0.9176616779603908
0.5028062572192433,0.6970269822380664,0.44477795140446663,0.9374467584398951,0.9021600888957255,0.8998522090191047,0.12388018901538184,0.1250367114904214,0.30657374960687434,0.538056663845551,0.3638449565107134,0.5200163516033143,0.4281285626427134,0.3205732477872193,0.9826150364018279,0.7656778659479804,0.9501143722494019,0.9422948657837317,0.8468056646263828,0.8348817727574838,0.9175808400320448,0.7752255642376482,0.49580886480784947,0.3902643954221545,0.7165889169086591,0.28157234331036896,0.42327725034836305,0.8458802898279976,0.20906963438928658,0.6714434811944057,0.09005099059725513,0.9235707558526405,0.5115554809638994,0.3433142973564488,0.11813096397179301,0.9137109908872763
0.4684702015934784,0.7428421452782122,0.5315191643131526,0.8559351783269116,0.9048533329265571,0.8998650386923766,0.12302718157126474,0.12951439761040917,0.3118789991087981,0.543736314904251,0.36760729963912175,0.5205089749878771,0.42633617338227214,0.32882994150188893,0.9920018152876313,0.7706781528243365,0.9584324411844405,0.9525312191730302,0.8769079908438957,0.8773880753896157,0.943095175121351,0.8651171153560423,0.5305481957935104,0.42014328964935954,0.7265232377175135,0.31955238286595633,0.3961647932806002,0.8340497176375419,0.48322697205386506,0.25133155771486615,0.0962378178341835,0.9091641894129145,0.2602985512789417,0.4888340095157316,0.11332788348331757,0.9168127540249262
0.4090398727333875,0.8210962132458978,0.4658677401245467,0.9290864058955779,0.9061243101223563,0.8451593683817424,0.12377309719443108,0.12655851159457643,0.3095871094044828,0.5398085592854168,0.3645886973388647,0.5151882052063598,0.4273881507074593,0.32180959407845744,0.9865070265376576,0.7569234770899711,0.9438437020840753,0.9351414767369881,0.8404181440440763,0.8443156658738904,0.9515611606370349,0.7082536885336443,0.5003437561638788,0.39651661000947414,0.6812077936150849,0.3302517545659477,0.38098411785054614,0.8513278964355346,0.5979638893417771,0.30583934015253056,0.07761292936220515,0.9133822153257203,0.40262552113054656,0.49631451946676597,0.09129295671162763,0.9101102194247113
0.4295307704445912,0.7362551844706398,0.43249901715601424,0.9402185462481357,0.9329929598858155,0.8093847968871477,0.118877172068028,0.12356436701681128,0.30774749658245915,0.5389849557965396,0.36285840227551647,0.5155013391821377,0.42014344351130906,0.31795338284416275,0.9868627379084041,0.7643382205475839,0.9505608749170109,0.943259887647846,0.8571043479929041,0.8510669920164396,0.9999999999999998,0.624457349489525,0.5000617604890777,0.3921483099615569,0.7039214118328369,0.2785249293277853,0.3448588157673483,0.9137027496217122,0.5320201378885205,0.28079310637395016,0.05415183615669905,0.902983678218676,0.44459141409699765,0.5214832161466623,0.06400865786334481,0.9087108589657734
0.49833747126332606,0.7085697652630623,0.5110585370380718,0.9131186370992019,1.0,0.7908022780906794,0.11540285338184775,0.1311234167333965,0.3139689428154821,0.5571085150664216,0.36403326216437504,0.5022823474751321,0.44218226879169353,0.31297750577709643,0.9816304268517655,0.7678320806846393,0.9604643741102497,0.964467264614762,0.8482924547071655,0.8446323464111202,0.8692736547560135,0.8326128442915555,0.4935804310933012,0.38829147033399064,0.6178625290630062,0.3229745182982419,0.3424400145876332,0.9451554177817816,0.48739274047788106,0.3203123949316901,0.021509724346544468,0.9067499096620089,0.36046137380389764,0.5508553967118154,0.021479107982856183,0.8942406143109146
0.32263277792901635,0.8757239751743823,0.44089576348650916,0.8841893040899413,0.9002403634439565,0.8749507638485854,0.09682373147977863,0.11144213411316256,0.29309244631524,0.5274219273729371,0.3583181481186849,0.5025981865711975,0.4048981262459052,0.29531218299527257,0.9411223545604475,0.6890165948379426,0.87864673469675,0.8684491098838875,0.7895222886544897,0.7530643598284014,0.8415098768973776,0.6509735678384372,0.43050460825341386,0.34859636749456646,0.624103406508518,0.2893913539506725,0.4593264178762731,0.9357665104593653,0.4688197787793142,0.4799302574491343,0.08610850110191026,0.9234509343324049,0.18907228695515066,0.6840370827632082,0.0986909277588387,0.9302199420917874
0.431915110962119,0.7795808513860005,0.4127682135046098,0.9484859522049963,0.9226734474323983,0.8655908835212445,0.11896588927822194,0.12858820136120824,0.30638728267860205,0.5418471617289252,0.3615676320800437,0.5034001138231854,0.4237872378253571,0.3178818748143558,0.9898821172848975,0.7305309644237122,0.9349644140657443,0.9302635896065131,0.8440745721978251,0.8277031952596146,0.8706947912346938,0.8131618740746513,0.4974854668180404,0.3921897240490328,0.6961914297451971,0.29626893591450665,0.4825048865288001,0.9100759284521872,0.3962534474568353,0.37367982762065577,0.07101608673739657,0.9067009765420179,0.0,0.8503550945961762,0.09662370351126776,0.9383961361519955
0.3200765829190654,0.8601995495457089,0.4145723789525799,0.9639744820345851,0.8828811970585289,0.9376359592927193,0.1095893391311718,0.12037911640484017,0.3053979323435696,0.538322290812858,0.36266834817855476,0.5035596657696217,0.4215873350087426,0.322522213745863,0.9856180679631661,0.7309562125925579,0.9342005429149467,0.9246526635276026,0.8362049396633735,0.8098900210356164,0.8954941840258155,0.75716902346568,0.48706775769655475,0.37739198827906806,0.7191864664451443,0.279117500702156,0.47893534672177407,0.911420835502537,0.40788542307716336,0.3934374058724727,0.06440236239891683,0.909756155643466,0.35041771683236844,0.4608390241923855,0.08377230436633337,0.9320902658084769
0.42142227261683446,0.7599288663268624,0.4853976554441021,0.8987043261525732,0.917072331467427,0.8963146199548551,0.10809860502101615,0.11796790257381728,0.29953351182356364,0.5311195057153024,0.35161152126493955,0.49999540343174803,0.42370589474238673,0.30529093139433905,1.0,0.7380096838011672,0.9497897241027148,0.9393423629750266,0.8461964989051725,0.8379232458321484,0.9622615237691468,0.6288813953134067,0.5077253032797433,0.39595221255962665,0.6869741433197323,0.31856264544727453,0.4608201987377692,0.9031746962279263,0.41646196390539586,0.4328280046008655,0.04429119753111865,0.9166366497947869,0.5803002149020537,0.37337523474840734,0.06721162247023271,0.938578986822663
0.43541249643523894,0.7854530479417989,0.47459499065283567,0.8936606301798955,0.9004269600500558,0.8330634422634903,0.09760888056733996,0.10794355617925472,0.294174630310317,0.5281209731042391,0.3473054914752314,0.49916379144188594,0.41508039123839524,0.3062374324513978,0.9955433799493671,0.7319459640290822,0.9441952440022541,0.9331977372865335,0.8417787498383018,0.8116396251146412,0.9574013508413479,0.6115416163767909,0.5089724175548025,0.39623849239672826,0.70575582927659,0.3023149258841674,0.42113688622436685,0.9094136617451367,0.4206647340044563,0.3847686203001205,0.022207902864382734,0.9184450116340768,0.6509470699243968,0.25916217628441174,0.0418880017744056,0.9403020603090284
0.3305660547427399,0.9195933761991885,0.40878503094082175,0.9273050085188959,0.9084617704091652,0.8101849236723968,0.09518964164685573,0.10517733723709088,0.2903877256610292,0.5251144782978724,0.3420132139577269,0.4983130721301663,0.40266053554964165,0.301907662853381,0.9850352947700804,0.7135866900739121,0.9262556388813465,0.915231923162323,0.8081458200465846,0.8004885761457908,0.8680257364386255,0.7901874305424343,0.4832469102553409,0.3808630923755713,0.6461851370382354,0.3592381476995042,0.3936367907009229,0.9538997973557966,0.49475920427243936,0.27814119112125496,0.00809745077331786,0.9139752636869382,0.5251404690816605,0.5132951054978873,0.011822852912842241,0.958160158446846
0.4134641367502704,0.7847469277706665,0.42511963856319235,0.9166639441078525,0.8475648983764397,0.9495562041202548,0.09043122457346375,0.10170851545890541,0.28478204956925746,0.5169863846007373,0.3335164467613736,0.4964792977773688,0.4033166961471639,0.2869962687361869,0.989632702704381,0.721071199011692,0.9358536632510681,0.9272008322490464,0.8193377583029764,0.8057891951230609,0.9218636276247981,0.6450994838852853,0.4984811806977802,0.39123050500851064,0.6948444145205425,0.31622186964262206,0.37571275139692156,0.9725626809983656,0.392327405035631,0.3525785929950433,0.01882802355589558,0.9320076740656159,0.22197423963032106,0.5642355629622844,0.052244256430863334,0.9845486840660187
0.46092271154886866,0.7246528396742671,0.43524338352150327,0.9041718818997209,0.9016583744951188,0.8174707441479289,0.09811766694610186,0.10476803352367697,0.2906844553217467,0.5239153188176853,0.34217059720305376,0.49930763368153974,0.41409877069878487,0.30013918653160354,0.9945437651793358,0.7341227131745292,0.9478585166665753,0.9354023120108534,0.8551835284978946,0.8047853706087007,0.8816160598363452,0.804089116748957,0.5170630943916403,0.4016489865448082,0.7358713898023052,0.3004317857351885,0.4862707566679316,0.9242505364355851,0.39800444121916867,0.5406302517759133,0.06925057962038639,0.9238920739272425,0.4048610867953492,0.48414943027416224,0.10058960126282968,0.9835139672968938
0.4515236798720307,0.8053094930564062,0.4784956349898029,0.9186309472336788,0.8755864236734775,0.9338187264999973,0.09820440366976008,0.10548529960147401,0.29685045857618475,0.5267011647977614,0.35079730514014273,0.5027796437333433,0.4094752363128288,0.30095036992110713,0.9782245567510358,0.7180833035760095,0.9274615977315959,0.9133408379901296,0.8387976445150884,0.7751376718512959,0.9875297808771619,0.6122507916116066,0.4914507500090546,0.3816160517736574,0.683685640187818,0.32761122318094943,0.508012116967333,0.9516183613365699,0.4872869448972125,0.43265314788203063,0.06268071735495118,0.9075088931249791,0.46115810648813127,0.37550904634851684,0.08906046973431458,0.9854685710697515
0.437446192113084,0.811076151525928,0.43886167727254105,0.9262068423498775,0.8602132887532734,0.992833934733957,0.09715489535636884,0.10432803333587304,0.29428130123339213,0.524762724489526,0.34691749577069403,0.5008326909078012,0.41431742997148485,0.29034620679725265,0.9791583515466704,0.715674804066722,0.9271359328729873,0.9150314203075869,0.8290677507776968,0.7855252133378143,0.8010168402619398,0.8844383095753476,0.5001025849994577,0.38795269788369274,0.7262184396448642,0.29473507945351685,0.5175243363988973,0.928637686885152,0.4011343453405005,0.2830359769332579,0.06496388148746801,0.9094464397998885,0.44367639158997363,0.43934745393356023,0.08443157699066733,0.9896686441377052
0.5128057910520568,0.7329973456122698,0.47567204193380386,0.8994163961730454,0.925945038507223,0.7515416046083673,0.10075482235028832,0.1061306061348335,0.29700713802578615,0.5236389570765758,0.3416310849584328,0.5021463422760799,0.41009797971362694,0.29233519308199707,0.971876740174859,0.7042018657648299,0.9153092423118945,0.9019089457260252,0.8099747461197636,0.7757636537814063,0.8719655595213245,0.7756101330091824,0.4856723945528237,0.3813219201412381,0.704568110589533,0.3228364650205344,0.5060553609520817,0.9576370826965286,0.3963661610339812,0.33298954143392684,0.042693394281830666,0.9312745878902314,0.31830961122173373,0.4270577412286104,0.06262853988267297,0.9874300646425831
0.4469411664002019,0.7803018934032544,0.4546981537060716,0.909159917669681,0.8577697585538624,0.9344589113373098,0.10216325357376865,0.10837018742291965,0.29246672430090126,0.5222053491430352,0.33144066112559845,0.5071293598963147,0.4028805801784249,0.2791752990937532,0.9429498026749907,0.6817134445774651,0.87362099445464,0.8546220840220886,0.7732182725801529,0.7253077261593868,0.7991117932644418,0.7084852449333631,0.4553363644967464,0.3614770005451801,0.6715885020451433,0.3019748675871581,0.5015805450171794,0.9255395634424216,0.3645830439502936,0.48422323503171016,0.03236129649497832,0.942846079852742,0.31068011361725406,0.4762959614952433,0.033862736913351676,0.986194315036566
0.43058644105414473,0.7896440768603975,0.43294086746625626,0.9113746605564679,0.8646693431578816,0.9514823092047274,0.10324402086426543,0.10836778149524229,0.2949909718186235,0.5213399195807592,0.33199339513861315,0.5077172571904954,0.3998101769672061,0.2836322633920818,0.9333139147184386,0.6762718082662357,0.8625151933016137,0.8423663702925239,0.7631931880516721,0.7312773196690405,0.8794066439812049,0.5945245512660864,0.454497373973635,0.3558614055192209,0.6681401912318053,0.3316556047250506,0.4695317424264783,0.9376140579613832,0.4636288807292644,0.22754290180483838,0.0,0.9698418342067563,0.3558152239139799,0.3919594267561619,0.0,0.9918307263297339
0.4523112510323627,0.7839414802052521,0.42698598358591316,0.9160473235042058,0.8883604042475612,0.8382381891290147,0.10657336166186604,0.11207671146566028,0.2912459861419764,0.5203462366600541,0.33190501484617685,0.5111578248922208,0.3975113746999326,0.27756241582219493,0.9019379371722107,0.6877451154619176,0.8376041819216506,0.810027467637236,0.754735978431674,0.6898085383851494,0.8454636693010097,0.5870770019839229,0.43538711025289223,0.34490684231908003,0.6933858160000834,0.29944155575798853,0.5452343655169836,0.9218788524333709,0.34622450991087356,0.4189243837398148,0.07500510398394256,0.9818761484078113,0.5012084565017265,0.41495982919466706,0.0782247586563477,1.0
0.5156889974500428,0.7958686950412548,0.4969731652698014,0.8741629285571939,0.9076005417194802,0.8148844650849555,0.10846968512105576,0.11535963458591159,0.2938663368491299,0.5230160983777726,0.33382523798311486,0.5087142197280561,0.39555593780338894,0.2584793893861349,0.88014248009166,0.7075996376430427,0.8215295830020091,0.7935859641945514,0.7596873970111404,0.7074765341510537,0.7890322834281333,0.7146015192776088,0.45272567346405346,0.36279225189744946,0.6567474909247455,0.3207215750819834,0.5796179351605482,0.8981677466993676,0.3918945212539826,0.39260944615204035,0.07885844643240292,0.9664405625116925,0.30983260910699195,0.4786707017654549,0.08911285157134102,0.9917484549221631
0.4959936949443919,0.8120801946398104,0.4852280056811494,0.9031057934940203,0.8860046928429757,0.8105584862488052,0.10725680326760922,0.11162990903891024,0.2927222034699611,0.5207600048442682,0.3479880214346497,0.5081607107085646,0.38327208527137424,0.2650127202875904,0.862337740005509,0.706851662282158,0.8043198965576426,0.7781410115698277,0.7491162230917408,0.6908886187405294,0.7258124084476292,0.7891915732156516,0.45049280185404084,0.3561348682830062,0.6311306337128673,0.3350476660089268,0.5761871950059271,0.9197279775169307,0.3225485738789055,0.4644019407959147,0.06923955557309913,0.9695927800745696,0.1953864708419179,0.7563546743793619,0.07530218998660804,0.9846642141019692
0.5209715934356377,0.7400967642109204,0.5458855023809115,0.8342356022236974,0.8993065569285834,0.8389200698083135,0.11818917567011455,0.12005643332116728,0.30239303597050127,0.5259703134149255,0.36055434336063885,0.5069389545586755,0.3885898845526582,0.2691586060284686,0.8701159651001351,0.7135469617422807,0.8104525430099214,0.7844922449839411,0.7888486579567003,0.717589227275831,0.86237667480189,0.5245187535888234,0.4857987298207187,0.3858072191350904,0.6431143330707287,0.3314487943610125,0.5385542496648106,0.895777811578089,0.33983827891410257,0.4940417176765325,0.05942134762598028,0.9756400612168747,0.5930869978493682,0.2618921404442204,0.06502163385694065,0.9799857473051801
0.4571563224061956,0.7735906990908994,0.43071833332214293,0.9139704794577532,0.8312553764557803,0.9865677277311413,0.11236574986511816,0.11645790556426022,0.3036323406409157,0.5263531546605206,0.3696301043068648,0.5109816205694699,0.3875332371549254,0.2622430044347939,0.8725383499235635,0.7172196706227976,0.8129553400953974,0.7867385228731054,0.7798773245556813,0.7237405072368496,0.7732553117717417,0.7657534394682884,0.47897230735650914,0.3821367119159803,0.6527162041952976,0.3135950865648962,0.5128034547677577,0.8858646581227752,0.45162951960084646,0.3676121675889852,0.0453553481515675,0.9748630614964952,0.4441896740107595,0.3178963579476505,0.03808671068175118,0.9854812549870722
0.37846227909511837,0.8601831400540091,0.39604091254082574,0.955283316689209,0.8683284325474053,0.9258053823288555,0.10657966417232384,0.1132375558855539,0.3036034676648546,0.5310364650346104,0.3742365401843146,0.5113051980289022,0.37639565580669504,0.2838742803168186,0.901396085149442,0.719830157308808,0.8371066290078468,0.8172680918393145,0.8165029510564652,0.7566686986948293,0.8899069782195661,0.5554644036198592,0.5019189246565048,0.3998378871599751,0.6408881883370604,0.32304799974727094,0.4651753871067033,0.8799311958649851,0.4216996165881446,0.2551660366528988,0.0262428274295593,0.9749897531527006,0.5867166933645536,0.3527570769177691,0.013217470063551229,0.9783694829868383
0.46673150550884923,0.7654782379569619,0.42239554873744767,0.8968715813718531,0.8855481085587971,0.8101427658193703,0.09613048070183794,0.10613303657809237,0.2988923824586077,0.5226016633294581,0.3705023738046838,0.506634324533328,0.372849619800537,0.2613274677836957,0.8954355427399006,0.7129488426075156,0.8339113399546354,0.8092167126603872,0.7914434515193909,0.7410624706900687,0.8509233667183633,0.6525891739383846,0.4886739703235634,0.394093934989704,0.6488553024832289,0.30770118647267053,0.4819208193827128,0.84577509279727,0.5131672591365373,0.29775122915108027,0.02972735728975079,0.9849548954618906,0.39250005540865707,0.5321332696007259,0.03426057685423595,0.9881545748020586
0.3887862044037865,0.874205180326923,0.4239009825713854,0.8953169058226513,0.8606224825693624,0.8534412305079975,0.09795850004658002,0.10853287170492293,0.297805651002046,0.5229972322724048,0.3739479450561931,0.507779020455156,0.37081052761717664,0.2572711989305729,0.8762126572564922,0.7292905542947294,0.8208452691726601,0.7951496270582779,0.792790172684005,0.730675527393022,0.8718165147207002,0.5386987391936023,0.48758395255328013,0.39272284574108607,0.6393383726815673,0.3167068884545623,0.5361842932648764,0.8526818754480812,0.29737226145549867,0.42081451707290146,0.07290142416572848,0.9719550856009506,0.5049169352012151,0.5101522049930669,0.07264020592467862,0.98083593119547
0.503440356005759,0.7597943248549406,0.4746430493158602,0.8535228982783241,0.8333480215219343,0.9140932118824456,0.09402792136243637,0.10364230369915489,0.295852137376426,0.5186663585106066,0.37439330624849143,0.5063079909794401,0.36734287065785093,0.2534128339968393,0.8763420729568276,0.7216162247695628,0.8210358576429193,0.7976366584224677,0.7741837986550963,0.7165356770768808,0.8313827710190094,0.5862758578143463,0.47273912469538537,0.37904757861266747,0.6486741041668158,0.27680037250500605,0.5295285441521281,0.862163248827537,0.27420976174921335,0.46219282998863226,0.06554991330705495,0.9686056999957784,0.7337620369099167,0.23406455166591764,0.054603011736629625,0.9654005953052112
0.5197071725543613,0.7355981313620672,0.4800732881986406,0.8562151851341899,0.8663379692749166,0.8083483499856834,0.10130613034911634,0.10961360891738092,0.299445379388355,0.5223921393188116,0.3638892043464349,0.5005271769750717,0.37572836481356203,0.2622437994689169,0.848026032662911,0.7335593633823286,0.7955835600601251,0.7676422068762627,0.759831632005528,0.6905005912020643,0.7628590564376743,0.6734747593136883,0.4519089572143142,0.36477509334065183,0.6569208181490338,0.25415995662172564,0.5489303988972294,0.8682687875371935,0.32676694800860023,0.4708791932289506,0.07302583482505881,0.9658732591964698,0.5741571874686077,0.3787423881376284,0.05104542093527864,0.9570141914647572
0.46820064340577167,0.7597272405018934,0.47688450296691853,0.8477490238135219,0.9030474161786582,0.8183552767729149,0.11384217813343522,0.11809453384298213,0.29765132960829843,0.5206647530129744,0.3654321442861671,0.4994876900384349,0.3905106444397506,0.2777043224123422,0.8172324790542498,0.7365933160782447,0.7627104496213135,0.7211050233495488,0.7400471581430436,0.6712410335684046,0.7212960356038783,0.7573173993443179,0.4461251645215728,0.36620177784980623,0.6025607911103318,0.3047583153352461,0.484205725748007,0.8506204901703848,0.3503585994910948,0.41615120006078216,0.05724362435305924,0.9849366121849064,0.3770868446829435,0.49208528879732927,0.030019551181134807,0.9498121381960942
0.4979265923976029,0.7720754155565179,0.4340063016236788,0.882160500653308,0.8306320020307587,0.9556919236387169,0.12373571944091177,0.12903314636758828,0.30005507474360005,0.5260610294267478,0.3520010961701505,0.495879297953723,0.411173324068363,0.2911636509627471,0.777779258777059,0.7066387542313316,0.7062393375534384,0.6353054593906726,0.7168601981763091,0.6375566710877149,0.7396447623214504,0.7024132170274594,0.450326415164676,0.3718205099656947,0.6210414020557095,0.2796051579217185,0.4254569818134448,0.7705842410701418,0.41914898977156745,0.4850524147372707,0.04055638845924442,0.9999999999999999,0.43117507889944917,0.41414996252215963,0.004126649739603305,0.942356892136835
0.4557170659650169,0.7605185361040427,0.4620631141612609,0.8420213387868771,0.8720913285775312,0.8852014395494354,0.12038559003432159,0.13004529187009134,0.292025876951728,0.5143287913882252,0.3306230661505318,0.5005446391889108,0.41293264063561796,0.2889617291939498,0.7602541543772067,0.678423302208164,0.6798664715922683,0.6038101014606728,0.7034567707132955,0.618510415586067,0.745477141162687,0.6335694103324858,0.43794605022326594,0.3598033489468371,0.6121226315107882,0.2847580810147802,0.3900076140605368,0.8206900968126203,0.39284189084647864,0.26050378311212463,0.03559949656134248,0.9787078405524121,0.39672759084689635,0.511288548493743,0.013550659111985719,0.9607184522485095
0.4301415591886982,0.77949321016683,0.4559944168964464,0.8470919183684843,0.8599294822931816,0.8608852050965521,0.12636612212696857,0.1274062597992514,0.2882397967055737,0.5102611462195307,0.33258947274634415,0.49771238584089494,0.4027184059997778,0.28381006727140967,0.782676338829169,0.7157877930341341,0.721547664036424,0.6596580289544836,0.7296999766621545,0.6552289577187451,0.7816662574160329,0.5964758821792723,0.4730588341463775,0.3806660560468914,0.6513153036866086,0.2778065354145215,0.4541841798030557,0.8273649744111375,0.30583956452083894,0.5888520982027714,0.09447716808519424,0.9682836609080461,0.24935153822043213,0.6699957155812466,0.0829177700175916,0.9607193932021243
0.5196533445635022,0.7016975037533297,0.37606374772707424,0.9306773281061874,0.871716486144034,0.8589132804264663,0.11235123219752757,0.11885961745239454,0.28966259862934846,0.5056019324722233,0.3413215966093944,0.4986002689675006,0.3797175795095645,0.26601857057779876,0.8055379012182942,0.7295561083038353,0.7534896662440476,0.694462727979196,0.7525481829661954,0.6815824510581884,0.7772393859156198,0.7124527001701545,0.49127678650725803,0.3961975791647982,0.6624347539802086,0.28528477060265683,0.4634680541297505,0.7923472762614019,0.4278116357972547,0.44299655020925344,0.06989226591868991,0.9616773923479093,0.36293570921162827,0.5188162119965253,0.07727806953247135,0.9545528236265052
0.5472469827972359,0.6883295035768695,0.39353978043543864,0.8678857416685324,0.8519341855962297,0.7857656569433702,0.09786321460405373,0.09799782941627616,0.2813053211189004,0.4927016153229834,0.33011661140579684,0.4972108527700033,0.37488382265172177,0.24294561739153636,0.8456881869906606,0.7332880879710854,0.8016443053034885,0.7549958807861924,0.781636268644793,0.6986814559172478,0.8822324801475728,0.5482196601933937,0.5205087045640546,0.410318587290971,0.6406728410059117,0.3377363493698723,0.43510177586424337,0.8341648471073331,0.421144528719543,0.4344819165647663,0.07575959722685782,0.9615799570718366,0.3508617277970818,0.5289681693527581,0.07594635398545002,0.9521079444231044
0.5087981927682149,0.7855985552715419,0.4855939946717529,0.8253760027059132,0.8346242671662687,0.8161320820156074,0.10007725539722834,0.09915936798292557,0.28244018606472693,0.49497629947613,0.33367348606980085,0.5008066344121292,0.37060841763192,0.2543077391917701,0.8335977813143435,0.7290641707963603,0.786435488785471,0.7389216372892156,0.7464028690988975,0.6890260386196537,0.7650591287877866,0.7591465180065295,0.49588741312521195,0.39526917502197767,0.6437879603610581,0.3247817244720511,0.44712930607385004,0.8096509176222476,0.41366289090475605,0.3897268869179711,0.05751457905967511,0.9581130010075647,0.5031417910948078,0.3383011212698219,0.054618107508940084,0.9404194157011316
0.5385136190437001,0.671305194812211,0.46844389219594185,0.7891374523691552,0.8586806858962608,0.8069385743710648,0.10034355553718904,0.10112164405052321,0.2816008448268613,0.4948102823494339,0.33299092464134694,0.5006185716353825,0.3740325547600859,0.24373678327299958,0.8142948438785839,0.7255197216751971,0.7655035235531695,0.7132556526803943,0.7378431314882321,0.6815662151021219,0.753479928002962,0.7528533553357216,0.48874806641143465,0.39043755351261134,0.5716663562872629,0.3884616387357912,0.38038559611981715,0.8596399760170432,0.41249156061050984,0.41579075966303447,0.044960485217158896,0.9602423784970449,0.3517479732979301,0.48694969005769306,0.030493437488312625,0.9433496453236567
0.5275053703352631,0.6813321301673705,0.49363386729745484,0.7876196217961908,0.84867314576611,0.7853511479461192,0.10299175644166902,0.10046017192733353,0.28039313888294093,0.49318234486815204,0.32657610587813896,0.49781481307578074,0.36792098161899794,0.2426607061324218,0.8099522432445305,0.7208511759540944,0.7543941962608984,0.6965449694691099,0.7267272889514723,0.6608979223256433,0.8056428727116502,0.5475482886680442,0.4955779658440812,0.40289862068443466,0.6542848525675534,0.33221239241027123,0.37782758181305615,0.7754418882850316,0.49794146714514564,0.2590724945609548,0.027816798717468227,0.9634362216808054,0.4126695759794903,0.5416487597314287,0.0032112682068111686,0.9345519392765345
0.47672044477650694,0.7559134866600947,0.4668198827906552,0.8093499534595684,0.8376281722415732,0.7720848421459943,0.10584842978893311,0.10344966332045258,0.28128353458604904,0.4971026486525479,0.31951128367613874,0.5048280749466847,0.36605858304674405,0.2550397942640552,0.7769003551144302,0.7053142130486015,0.7147002997304749,0.6415065847506239,0.7044824453869144,0.6217650075220452,0.7051409146831725,0.6775682191014816,0.46567073165569856,0.3807576235418346,0.6678449455070514,0.31188208575789533,0.42878061431126063,0.8274218121852235,0.4353309083182574,0.23335285248903098,0.09320520295370577,0.9750190228449275,0.3270583366270248,0.597469416782772,0.08667509317423805,0.9564895299368495
0.5045789528081579,0.729948624073379,0.45536830038413856,0.8393141434820399,0.8547763330117814,0.7813055798266713,0.10903445148766966,0.10779343346799936,0.28802701987005697,0.49863012170406285,0.3296551602384482,0.5045458286820151,0.3648411570359327,0.24840734726009978,0.7905303160007731,0.7130849820621703,0.7327897925976178,0.6710655787144382,0.7272580182342367,0.6602497149771356,0.7736448360832617,0.6481970268409752,0.499941058533415,0.40000107843525323,0.6543909262560947,0.3419263920424558,0.4626772757620036,0.8061948997446501,0.3096641294594963,0.4216989671589363,0.09780732249209262,0.9704605088465925,0.4346919646957095,0.5225552727024535,0.11319059056153502,0.9438556978040284
0.5369514681364185,0.7256118118090971,0.442631066031548,0.8406675374213757,0.8123836173379373,0.8835098710075022,0.10107959376408587,0.10091786934527708,0.28607319386052704,0.49446767542440473,0.33037459568773386,0.5027928638403186,0.36075418036294654,0.24062754924814966,0.7890793098825309,0.7148139184133119,0.7359869016888827,0.6729000737218774,0.7239377871229297,0.6330852310769132,0.7857038229669953,0.6023534837378897,0.4865696458749283,0.38742625876858594,0.6582334663806801,0.3244476153160234,0.4804872625062587,0.7617426797662669,0.45291449124638306,0.35118334523190736,0.09661377239528612,0.9608314758597795,0.49037828983332915,0.38116587665280155,0.10514512093509354,0.9293198740144349
0.5169109165109558,0.7593197663789575,0.4240109854033004,0.8685461181641188,0.8538198627958082,0.7958143907390821,0.10192078063863774,0.09991380497737634,0.2868303886647573,0.494156859099477,0.3274390814449587,0.501109765515008,0.3647404918858119,0.23592990480074272,0.7877657469759282,0.7098060314976753,0.7309976555635281,0.6618620539190267,0.7125898224461995,0.6359786298163965,0.7642549943532457,0.6189014127249353,0.48273685644054015,0.3915807096602153,0.6063398645644269,0.3654550048887928,0.45935881263138323,0.7966921493318626,0.4034000617219848,0.3709442241883479,0.0898996336524458,0.9581465620212521,0.48479015926376823,0.39146660062029653,0.09182983215257595,0.9212058278039656
0.5035184312836303,0.7701278607798826,0.42903835559378145,0.8308740407086654,0.861843807287743,0.774743199465591,0.09840686045037728,0.10040771900351969,0.2880012253882012,0.49398321891922425,0.3281102946210008,0.5026782724371013,0.3692413830376665,0.23891007900240718,0.7743818428250255,0.7024688229630436,0.7146111599308607,0.6446062365063573,0.6861516788207044,0.6245004320994927,0.6657010098664019,0.837225169465762,0.46528847271264584,0.37696112481455335,0.6240055926367134,0.3465972657290519,0.4561497706600123,0.7712776303064498,0.3709304770208174,0.35313256354962563,0.08399610755205233,0.9462956091875251,0.34995893908401526,0.49601965023465444,0.0710631700413904,0.9059345360726616
0.45027852976600974,0.8314591867400029,0.43059496921294416,0.8486561554738353,0.8262026978837151,0.8071128136841633,0.10548788609817,0.10496436359863831,0.28492921322938414,0.49463577800374947,0.3217494152295607,0.501830356848346,0.37970101392893896,0.2499123178087609,0.7594453337652182,0.6871772067354729,0.6917090052900521,0.6128886830777658,0.6841800043658932,0.5874111759716365,0.7247596722703243,0.6110681395353681,0.4478333676408557,0.3669434405080458,0.6222720839516148,0.3173140176650383,0.4244536114387527,0.7404984645375099,0.4460545012769482,0.39477312866311826,0.06985492598786947,0.9636367865367146,0.10618430823574654,0.6880208014644584,0.04179073998635674,0.8985381141014337
0.5275711536333524,0.7067513977954942,0.4247998543370549,0.8045857212907112,0.8104002495178856,0.8491816246083117,0.10723710218076499,0.10908148500602566,0.28036326883102863,0.49257089253989067,0.3129643331219667,0.5000911556142404,0.38205401118019366,0.25306747927575435,0.7447822087662554,0.6533486656561374,0.6664613460138223,0.5733675626608146,0.6772408504406806,0.5722641218970306,0.7036364563057026,0.6375411356160996,0.45213579414190425,0.37283118900125023,0.5946247200063387,0.335650063254063,0.3624147910273049,0.7478439020220151,0.2616381371280378,0.46616930836791387,0.04667039096774045,0.967493838334328,0.21999584196295482,0.6710262804034635,0.01923652942622811,0.8931898234184056
0.5057706402329467,0.752639654605078,0.4846129234869744,0.8095567745600276,0.8475787321044994,0.7379588406544315,0.11642982234285632,0.11235985600573883,0.27772443651883433,0.48864046005650597,0.3128724183918544,0.500033662091735,0.38754285308792746,0.2574307947326143,0.7386731716399006,0.6259204769874347,0.6444213993570441,0.5362253480571513,0.6602138842469921,0.5727704966404359,0.6874695530422446,0.5731360149636799,0.4545306396695245,0.3785848210720971,0.6312805846866381,0.30180463537297475,0.4296129626933049,0.7414009557401988,0.4717526911239542,0.22099765880742656,0.1292971964856361,0.9558703119432033,0.48044861694934204,0.35576789866262637,0.10881762396763073,0.9059058914604493
0.4052373337363884,0.8993067566936266,0.33853251455687194,0.9132746360755799,0.8148109929844132,0.8427972522483792,0.11395537912398379,0.11150248892904308,0.27149308744318545,0.4814729414831619,0.32513281577170194,0.4941629593924939,0.35810945466101846,0.24674262224570048,0.747773008385153,0.6334076568416911,0.6596036864342694,0.5562995468265761,0.6771375557566592,0.6056488152169677,0.7503323285772838,0.5691602631359323,0.48311614118924434,0.3967405052728786,0.6815532725324629,0.2983291118555552,0.43474464286257924,0.7452730732665793,0.4695816932595465,0.2582139739412883,0.1254318642059088,0.9464847866642296,0.2574303536707738,0.5178363968858362,0.11432867063231861,0.8980598701773232
0.42878143723745515,0.8291259040240304,0.3451765045410188,0.845965938941351,0.7576182257482806,0.9090514692264147,0.08803685265567501,0.09496861149336722,0.2601364558230687,0.4680012362990938,0.3231317079348296,0.4874370401213941,0.33169420323858023,0.224002051008182,0.7450870230712183,0.6280572550619771,0.6562295944018927,0.5515451605543995,0.6947654115200901,0.5886950729447685,0.7120533270833987,0.6528413134448063,0.47921324208347027,0.3945027946289904,0.6891168495849883,0.29921054554117454,0.40903620319501993,0.7429661807593068,0.40315008562589444,0.3846000716159457,0.1250841252926796,0.9406449258274783,0.44396314722860336,0.40279258783042743,0.11388834570717121,0.8942229936043107
0.5958869623655975,0.6101218576624529,0.37905579857047206,0.7815246486463397,0.7349053906924576,0.8751888209401049,0.07171321855996637,0.08159137015231122,0.25309543774290105,0.45535975450760446,0.3229358744824302,0.469670813638854,0.2970201437469817,0.20210028535107866,0.7632185164717844,0.6500908138981647,0.6795154257035314,0.5828756350863564,0.7012418083455849,0.6254723256127971,0.7384126804996329,0.7119080592886174,0.5054278726770756,0.41422214812238284,0.6852991481722439,0.31828826768192897,0.4045850222157861,0.692044103708803,0.4653602617051339,0.37943575837950094,0.10636891912412516,0.9302439421645095,0.42258293836085165,0.4510946965866146,0.0978945935681203,0.8860528076129053
0.42271604995091605,0.8111435586201553,0.3031253171513114,0.8114997113825715,0.7315499806079275,0.9021953490346115,0.05619768386622459,0.07143378862168975,0.25122979700742204,0.4576222910043065,0.3278161501927923,0.46250088491399965,0.2931833341972535,0.1927504253989678,0.76033087233434,0.6506969098254938,0.6728361538615928,0.5780652839726717,0.701221840172739,0.6210182271569528,0.770507522988593,0.5414855479674837,0.49136155274599225,0.40615649965214734,0.6453101946559963,0.33251217267124933,0.3581857840141959,0.7189915551467583,0.37770988306210235,0.43698788449533243,0.08744879260730115,0.931862022238779,0.5091301922006971,0.36545841530054,0.07575277555673116,0.8852192625071288
0.41312412573349455,0.8002241528830347,0.35503122709336804,0.783964455279477,0.7814633237655801,0.78270466495304,0.06833542796831071,0.0789980536414625,0.2594191838381098,0.4661267628568379,0.3303261545371061,0.4658266136720135,0.3004016165410683,0.19913826506806553,0.7685823513730297,0.6759617217128414,0.6893590103039774,0.6020185648136918,0.6981633108301113,0.6514838184716143,0.7202570674084543,0.7188753427592401,0.5005603074820425,0.4173033520567562,0.660681827642861,0.2939147277965021,0.3048700019779596,0.7362704881836283,0.31087216569022724,0.46421162389299664,0.07128184803857346,0.931255722669291,0.3210916888721479,0.5085038521376947,0.05199898200668901,0.87929574189595
0.49728599068895263,0.6694030044777827,0.3848120966587666,0.7755581564658127,0.7902359274385399,0.7972054141931391,0.07089180208301465,0.08651643563991446,0.26239707583428074,0.47241118274018457,0.3282411225664085,0.46767768160531886,0.32467338944832547,0.22251139586622032,0.7602269291843688,0.6663429029570476,0.674167204135887,0.5839227455171546,0.6954671108298387,0.6193570849466814,0.8156824104641107,0.5213602759648934,0.4756622915844388,0.39452025281159964,0.6184478586682454,0.3223496679245931,0.2941124539825446,0.748297627296608,0.25066091674409935,0.6598465971335645,0.07650640744123116,0.9270048633662468,0.4217150898087464,0.490151150351945,0.07590424188469291,0.8973672238037484
0.5291816276373547,0.5701633410154446,0.3521934395155597,0.7975110841078571,0.7865382067771498,0.8672481774953716,0.07550162634473845,0.09108429612221708,0.26303140041495043,0.4745272927683134,0.3261080106853913,0.46494327243586464,0.3324749070679206,0.23450550165902717,0.7685500254728117,0.6796653280160311,0.6878387224479457,0.5969606523144586,0.7139434423162135,0.6505675844977679,0.7570623757016317,0.6593874425944527,0.494557518804291,0.4106398204801277,0.643888825223486,0.32220389911815744,0.343969262073301,0.7503527503867563,0.34788889148608426,0.3553328105027187,0.11718732214829575,0.9308886992213928,0.44962434846210486,0.4010084286262292,0.12670724417027227,0.8936689785044591
0.5261225666366698,0.6612029134725699,0.34656395906711734,0.7871858844791901,0.7856054398171808,0.8540900302554494,0.06465234793509683,0.08573185616388129,0.25975867903660294,0.47174194354792026,0.335117385791598,0.46601255063193786,0.3298737944047616,0.2249886600794972,0.7642541902112873,0.6692041717315798,0.6746527155817162,0.5787295651716193,0.695279719542769,0.6314967011463228,0.7634205255263196,0.588287571477079,0.47379750069711857,0.3905483150152014,0.6502127904684998,0.3230304800513154,0.29838811646383,0.8243303134330735,0.23296477667764287,0.503642739257825,0.10874478384453512,0.9146467240026996,0.29751728946940714,0.5007212982942922,0.11382694901354856,0.9067508934981443
0.4676442348194196,0.6995339540752141,0.36556225453163543,0.7806761135588165,0.8114851339906518,0.875752607155061,0.07499948231153863,0.09207462093606661,0.2656727853402783,0.47808246915584834,0.3311099799582401,0.4629103230804334,0.3449704404952444,0.24157607707084017,0.7651556279939725,0.6702847727539006,0.675386401802413,0.5788262780331523,0.7024809277219998,0.6289947928975606,0.778340870940787,0.5789927348929728,0.4781633180800649,0.3944504783395904,0.6773824191849988,0.30950742702059775,0.34164054650328307,0.7429582863189388,0.3809137455043274,0.40657655171068374,0.12280212266668966,0.9122673526918825,0.2995631965660762,0.5732165172892157,0.11048394883606727,0.8906346989728099
0.501291916045856,0.6616639849580377,0.3486491123264001,0.800980238422119,0.7912597643674131,0.869297095489681,0.06937731695223615,0.08616072559954291,0.26021197758400494,0.4686659046171524,0.3261923737492005,0.4600757875881314,0.3407073549483151,0.24197778363359873,0.7546985593014974,0.6339597612795683,0.6516712146561181,0.5407577894781367,0.6688837512024572,0.6037172164439327,0.781489401211156,0.5335567072821952,0.456115011323271,0.374880683009133,0.6082218447272052,0.33784796186266075,0.30555037922577427,0.7695501107168549,0.3785811419807194,0.3900524184908947,0.09415326226963977,0.9285231582699198,0.6014123901988815,0.27899342782398406,0.08719727532959365,0.8907663844292988
0.4458953006603058,0.7386959240368688,0.33046077516111194,0.8221230733326503,0.7721523638315898,0.885343818488679,0.06719426761078989,0.08437220109033272,0.25260222893572826,0.46433919109865557,0.31956894966840155,0.45888018232198685,0.3304652627487199,0.2285149566131407,0.7595738363760738,0.6332034911735136,0.6570489828145851,0.5460463119531124,0.6719217264393373,0.6147144862031423,0.7599794382400619,0.6169016123611691,0.462733274844346,0.3834160276696116,0.6640964806672331,0.2992687600182672,0.30705629217689384,0.7145382898167429,0.3811416255788982,0.37509044585623874,0.06859204112785366,0.9312652261497342,0.5082548538382518,0.3756225793029433,0.06416340095396544,0.8934700117222076
0.3982292099396077,0.7707757808359139,0.3429892043168261,0.790201709815472,0.7763372636769764,0.8317741897374629,0.056153659737006534,0.07695691486131478,0.2456520783649468,0.4593146845874631,0.31523658669778054,0.4583294127248036,0.3042672116350716,0.206962175490586,0.7644431043048746,0.6410122710929693,0.6688656534782511,0.5608623720315116,0.6669204338303225,0.6300144212132065,0.6779573622105554,0.772799978615808,0.4702928356350438,0.39269817870098156,0.6891317175295363,0.30738124100757513,0.2655739194617054,0.7286297909851598,0.3095461873427323,0.4214729628658397,0.047694304957971,0.9218539823580225,0.38137391930084985,0.46712627835359394,0.037489971891836005,0.9014533650525764
0.41724614832329027,0.7731314160079867,0.31716975821006094,0.8126491247633484,0.8162428551361105,0.7194204733885787,0.048986076692521696,0.06619183579396426,0.23696785642828094,0.44828139957077173,0.3122245350583345,0.45516580926491484,0.2875550227100549,0.1979916852028627,0.7665890394637613,0.6666600252638657,0.6873427140483029,0.5898638587363763,0.6744209387341539,0.6223399385235959,0.7712837273575998,0.6875430188477325,0.47776989512947676,0.39066881120063157,0.6917243605176565,0.2805777655201463,0.33983186111381924,0.7468917216174891,0.43625660618698925,0.35552840760919663,0.12963974153181218,0.9059086800491141,0.5144839840688585,0.3476598878188425,0.13647346091932583,0.9152259670664176
0.49165219543865024,0.7281087816637837,0.367886593058685,0.7830928768157124,0.7774887511591447,0.7848693723556259,0.046138052177805255,0.06516670319499324,0.23626782652197886,0.4493923396059477,0.32028345454169116,0.4610713719723473,0.27629369466681103,0.19360284672022204,0.7614606549604761,0.6547619870864541,0.6776995110555222,0.5747799307100516,0.6759801136670021,0.6132307226436264,0.7603738080568027,0.5903901506438177,0.47770777869018877,0.39121558085135927,0.686492016650802,0.31494515164110287,0.36767301819576365,0.75527286005737,0.349868092931912,0.4166056279441539,0.1345871938570516,0.8999066998267016,0.6061160431907368,0.2734835697178869,0.149795961035201,0.9111764739789463
0.47812828789095646,0.7691276993811786,0.3512275610042123,0.7789905861751025,0.7885436532536186,0.7684794464611047,0.03204292065569775,0.054735728786345195,0.23445553153556709,0.4443350431449171,0.3232377420637078,0.46158990532938005,0.25358960297532157,0.16469906753936303,0.7658973850952143,0.662643915613992,0.6887189307354025,0.5944656309250004,0.6965595855926756,0.6188380942377476,0.7859146765328953,0.6610126203823512,0.4935634973808318,0.4013713781960838,0.6485435833422827,0.3364573941069141,0.33384374326772603,0.7967049807564903,0.4342902877525106,0.29707180372768777,0.12221350651043805,0.902084672563904,0.36305631761276996,0.4131260148851612,0.14318496151058005,0.9021424605565613
0.46861436692985214,0.7421950832714596,0.2944071332828986,0.8351281995468585,0.7291394239536166,0.8882183241911886,0.03257279386109263,0.05419400792729079,0.23514582046422716,0.44927759322847166,0.3249142301109292,0.4617151981941477,0.2526825508516017,0.1711256879597574,0.7715157778197396,0.6749133796731768,0.6984778386444298,0.60467663373737,0.7056115924789039,0.6261794725005381,0.7390176947979749,0.6850410000256395,0.501246200891301,0.4035878243540342,0.6746883275395714,0.3287870905133147,0.3425919565605972,0.7818505788512777,0.43698963137426894,0.38078373711411007,0.11584167764930009,0.8974530951952027,0.4643199496666144,0.45724604031350546,0.12800254813524825,0.8953111870580509
0.41737847877397816,0.783658205533088,0.3495658952099217,0.8121219562078155,0.8094395970905978,0.7247488112444292,0.03302039443218546,0.05235022054810162,0.24067945853150197,0.4496165809314611,0.32938452479652214,0.46392088808227533,0.25324596985069464,0.16783971984987245,0.76755859258432,0.6739546846296125,0.694758766097239,0.5993219790220917,0.6965176153006831,0.636305185509157,0.8067375755882231,0.5553638164780751,0.4956923946106601,0.4002466570589376,0.7012583328973464,0.29675617468201415,0.3161849927415603,0.7994622391009852,0.5127937113888393,0.3530660537918691,0.09386868408649895,0.902879280805372,0.49625663081715854,0.3420029711491799,0.10079822567799529,0.8974426316356761
0.459012201903988,0.7338294818580586,0.37398077710372635,0.7645458483861634,0.7654814854442531,0.7795923322386673,0.03663788539106938,0.05379509746449118,0.234536963409902,0.44830654497034467,0.32343846870598814,0.4592853764380467,0.25551817961683637,0.15952175531576301,0.7644636274149771,0.6599982564597031,0.683917377459166,0.5835700825624929,0.6733624523176943,0.6148730151530007,0.7429378291946249,0.6963088791480441,0.485726853729545,0.39478782783551847,0.6871288275072963,0.3004545945973106,0.3105147298808915,0.7547632091983787,0.40731163328066394,0.2986730247131163,0.07871935021752746,0.9059295664986582,0.13436729260270275,0.6183664407755641,0.07377999341964891,0.8910236030049334
0.46951767030953984,0.7349154822723907,0.3083118328024805,0.8125050671354803,0.6924134612547443,0.8924320299738615,0.033963833585740844,0.052196327558351685,0.2300146258659067,0.448118776872963,0.31980088448330574,0.457269673398009,0.2516032725322339,0.16559237031376844,0.7575515562772515,0.6458984344383035,0.6728457706477837,0.5593948461073063,0.6586020653452737,0.6098154296140696,0.7157668220748049,0.6810035308606286,0.48066688940526625,0.3982181058480624,0.6195229661992796,0.34285110137107366,0.2682846642679344,0.7874049683105901,0.5662968317552937,0.20333542827739207,0.0586764245567406,0.9061441574253384,0.2347677928406924,0.5840501411135431,0.06829102593694863,0.8943537623960165
0.5473797040115604,0.6208712639301041,0.40460544654114095,0.7494695367832239,0.8034283122460275,0.6707421597107822,0.04001971782931402,0.05402113590781643,0.23317237164708288,0.4483380931937483,0.3253323762721234,0.46089899506083354,0.24976327265532033,0.17841578036343853,0.750691183972265,0.6305950099670599,0.6588426839402239,0.5421081186443727,0.6663819741854425,0.5869449173786936,0.7656907477744583,0.5366140529198844,0.47722068639325477,0.39095260244829744,0.6691735464186022,0.32775988619890667,0.36363523272190723,0.7948190228233514,0.478058391386089,0.2785400596241009,0.13075673770598012,0.9207058335721215,0.3822002068187012,0.4788429110486573,0.15202340269034254,0.9032589076348221
0.49615025096907406,0.7671617947835814,0.3218607929680156,0.837399785716322,0.7833346041132218,0.7506954424244994,0.040609451484697745,0.05711813219591827,0.233560665875301,0.44681253549050504,0.3261976497561508,0.4636469991263948,0.23930422504794563,0.17520587860294284,0.7508191585048394,0.6276496515611438,0.6593405390547072,0.5427207522308178,0.6656931533871838,0.5882370472566576,0.7192817210716624,0.6213116402416926,0.48035289577717105,0.3927659809494679,0.6883053254778043,0.3184206498832819,0.39145809600402787,0.776909169337749,0.3623502383111531,0.32458214790827566,0.13760728274374462,0.9019530500841144,0.3354753517549385,0.4285144967732356,0.1491548708304666,0.8963034269984405
0.45198216212351483,0.7997554059724048,0.33014246188118584,0.8524345938078742,0.7323591588127505,0.8435090312682753,0.03302334761540726,0.052435330130793656,0.23009330912959713,0.4418002111516819,0.32505159641937775,0.4615516439748213,0.24450930547098,0.15940827184575174,0.7499009643112391,0.6359438984221143,0.6652756289513304,0.5564084246859556,0.6752252167131566,0.5898305756233357,0.7810206350800131,0.5359455276283843,0.48525333205739085,0.39222591380271127,0.652089050099302,0.3344815508406094,0.3793125568922872,0.8078187353539821,0.2678565167939214,0.450043526282194,0.1362535688354678,0.8918578834663596,0.4916913755755959,0.38919365948839046,0.1411843530613296,0.8919617253834542
0.5617893935328315,0.6912904828260202,0.37562555772570017,0.728568677824738,0.7998698696419227,0.6873529351733259,0.0351804552884844,0.04912931440691959,0.22870567077422532,0.4406904174041988,0.32594246327811294,0.46139861033639573,0.23124944700664962,0.15105436414138235,0.761551885387751,0.6636299480711298,0.6901933034793768,0.5985731947880052,0.691798439791197,0.6146909141157938,0.7872306282623875,0.5292868636977356,0.49791289582312653,0.39761284221154364,0.6530730590105135,0.34431698721984927,0.37236618254824827,0.8003099450235285,0.5111642426847831,0.25215721237179467,0.11486105444734568,0.8969241579366909,0.21456461240543886,0.5492252022210945,0.12362313304038192,0.8768295630505647
0.5214111086853433,0.6676973799490383,0.4062652276939651,0.7333882743455478,0.7368597825671575,0.8238650025051424,0.03187872265152064,0.04591060805120689,0.22731155783986468,0.4425302577912087,0.32551775195790017,0.4600832422307969,0.2290689700426028,0.15232294812957609,0.7649853969848128,0.6833760993979823,0.7029242399414083,0.6176209154930922,0.6953708437341246,0.6331037803649586,0.7493315001777847,0.6835707219886029,0.4965705666330993,0.40190484875428245,0.6522630242837008,0.30694810698103964,0.36321314972354035,0.7500698782392885,0.4559175247682343,0.45828490035553315,0.10246659493766563,0.8953028187088548,0.4511039988450736,0.463787720143358,0.09563215924509244,0.8729337558715493
0.48242779093931343,0.6865988056188376,0.39854031747615276,0.7550990932472262,0.7213904308321313,0.8410582136760993,0.02834517758571553,0.04908118920992699,0.22970262867538888,0.4471644840455489,0.3284726167849532,0.46317822076356996,0.23297739344866858,0.1533220899038779,0.7733720188327499,0.6984518732006941,0.7158838965445551,0.6407705855911405,0.696291802979867,0.66060079713455,0.8159598384486346,0.6382655670109219,0.5032713150316942,0.41037244293638486,0.6730603383614463,0.3028568603389381,0.31115031927801284,0.8005818754554438,0.3038286636344751,0.4359997309360565,0.07653066699258698,0.8994340452970796,0.5970005307147391,0.361219955244303,0.06299223967297635,0.8753702327622128
0.46858268296131317,0.6495194615260086,0.33551292558175383,0.7635781800828859,0.7866622365716087,0.6791518671829754,0.0296269085949864,0.0474657855754379,0.22777021407446224,0.4429307252601711,0.3236186114974865,0.46004195367232115,0.22863712450389095,0.15657487421044886,0.7752846165169166,0.7064732371734368,0.722635355832788,0.6476042926865194,0.696984702272139,0.634175232763434,0.7516254093938048,0.7095991667646991,0.49911735482454395,0.4017927982722522,0.6436238801736824,0.30826736653632525,0.30174159191236927,0.7842429312478365,0.6055845090587494,0.2838901917612788,0.06508913230124064,0.9142399355289225,0.40255236656667065,0.4134655717842142,0.06910738326182891,0.8811379343682949
0.4272653323879769,0.7908774576952661,0.3804934558354247,0.7788664877975509,0.7557813237424882,0.828431260152216,0.03986533533496711,0.05449826548299064,0.23921906862739684,0.45614918690287354,0.3332055267981926,0.4682346490396955,0.23761313640615878,0.16905841678826972,0.7863453258693653,0.7206035655481995,0.7327414406871287,0.6662755288396953,0.7373711494575862,0.6824685547457805,0.7958803186072847,0.6578625763941073,0.5354090103919741,0.43041198990440166,0.6385145254720115,0.33295768503697043,0.3642700465896611,0.7479045961789601,0.29988059100452513,0.5485871327332917,0.1278496218825773,0.8952003078755155,0.2887016300308541,0.563437813119967,0.1335644324130655,0.8836988467161333
0.4082919479857792,0.8003677870918504,0.38382606975256206,0.7518930747598228,0.7463214282196626,0.7990296308605118,0.04067798318501614,0.050448100567813625,0.23989782477423804,0.4575650365445789,0.33323596765680175,0.45689739669117657,0.23698241812353227,0.17155724285620627,0.7960732122801962,0.7323830870305832,0.7485327079284751,0.6890894652724664,0.7362131664309676,0.6895299111645862,0.8895467521819693,0.5076987608799302,0.5375154423612607,0.4334300640892504,0.692553480644904,0.2896596743241525,0.34976069075581684,0.7664113702593675,0.418211266501125,0.3098346618223917,0.11533015421789639,0.8858164560796113,0.24160092992152188,0.6081931095053569,0.11556601665073651,0.8777346012595573
0.41427361271558044,0.7565714243370827,0.34120214190924364,0.7977496668743154,0.7138665599403105,0.8633420868438422,0.034939833655735164,0.04933528593865233,0.2426441038844449,0.46136397797528717,0.33402283028922086,0.45984972898048493,0.24140442075061275,0.17577776867175743,0.8075306968353857,0.7439259518369707,0.7624172740927613,0.7044156852193274,0.7645084557512367,0.7163435896510418,0.825169600081584,0.7570256370377901,0.5545486219522289,0.44222015267825276,0.640359022021554,0.32932040051161177,0.34513940923338793,0.7609945613296769,0.5096165058469365,0.31600442244132276,0.11180061087438836,0.8935065459944909,0.43789568605497253,0.46514154662271484,0.11471187089760276,0.8798309221929217
0.48530386723586727,0.727477496469205,0.34586784344366966,0.8231306149750615,0.7425621615766924,0.8626282317367305,0.04035927197374134,0.05039951627409717,0.24599671743078905,0.46380769302865854,0.3340819174524521,0.4552139325647281,0.24953615428743792,0.18566311031394794,0.8350737388256377,0.7597633775688464,0.7880557213849637,0.7426854680737224,0.7703561393402125,0.7214049021497142,0.8888997921309232,0.6034020588955669,0.5482449733957239,0.4336720011009047,0.6442465594185763,0.33144615765296714,0.33642471725639767,0.7705518049862542,0.36883154347921493,0.5401273812369993,0.097023908153337,0.894775138222738,0.283884325937208,0.5796534398449829,0.09233703965398549,0.8749400112902528
0.43256576322557805,0.6639742796723299,0.33562841750374783,0.818309531447756,0.7891676906711643,0.7636051592762751,0.03984455736722481,0.05367020674149503,0.2493582808034998,0.4665776058165122,0.3323859192279534,0.4578599452133244,0.2546410366611354,0.18659124374878844,0.8388651856656912,0.7663090092804203,0.7927565626688083,0.746808475289332,0.7742776101934822,0.7284352237660459,0.8687309066702414,0.6460370247145106,0.5465090901033776,0.437135525755536,0.6847440959518174,0.3081429819158264,0.3235338488343893,0.7625272816972363,0.5465902002913207,0.32181230118194465,0.08132466355145984,0.8877311120795386,0.4827646073139785,0.3844420768278238,0.0670824318198932,0.8757674849447941
0.4563088641247933,0.7275668551564625,0.36630240728268326,0.7785689449334142,0.7962099023018245,0.7255348642571028,0.04079529619436861,0.05269150461725314,0.24748659366323245,0.4653273896888809,0.32759712162063404,0.45285000399413244,0.24910272975912634,0.19544361552806222,0.8485971083715589,0.764448924111582,0.8034220550653085,0.7601383849226904,0.7648961977797221,0.7348598935493773,0.8871372520161588,0.61572760288124,0.5486020100298243,0.4364635496648165,0.6320297294899994,0.3007171806908174,0.30010247640661797,0.7394908847163599,0.41873690259127155,0.41858983858689564,0.04990837736874515,0.8942512219055605,0.32078922906149815,0.5480889137154984,0.03497734296231614,0.8715525368409802
0.4655430959478788,0.7095076340733659,0.37573599913815486,0.790774226541733,0.7539586059390293,0.8567568191521842,0.042624007304427614,0.05481984678426538,0.2471336907881978,0.4674120248375693,0.32941244827524774,0.4541530764496454,0.26600185449749963,0.1905002501085391,0.8393967365880628,0.7601985287568187,0.7922218204155227,0.7481124220562405,0.7555282777839694,0.7169107930891012,0.8397875189431706,0.7138662238939666,0.5273851645059628,0.41798511515607406,0.6774807350509002,0.28369249732504886,0.3727209923418138,0.7616603052686365,0.47225567415750447,0.3637848583317157,0.12081448325204164,0.8924515736485382,0.568587604197641,0.40805351008962454,0.11828502304458355,0.890560062709745
0.42902648548553396,0.7843853187003009,0.3491029021036434,0.8364647459752177,0.7773547840947295,0.815779962233441,0.048939917597151605,0.05835894446295914,0.2521635182948215,0.4700583340023782,0.32836721344499353,0.454580099783901,0.26828447980339976,0.200405729914384,0.8455439278678641,0.7592340683401954,0.797680013631574,0.7563987390052243,0.7716803067495568,0.7136077008991876,0.9474829768710733,0.46033006883917976,0.5437909391844367,0.4280825976394887,0.675687161271001,0.2915523519328689,0.38665395034243344,0.7809055407489152,0.36708534570422824,0.416662481107845,0.12201539982074017,0.8746540011035243,0.3036612393668132,0.5803303084862657,0.12087659046352711,0.8861845453004185
0.45408202208917336,0.7432350107576919,0.34926156526394764,0.8603663998911786,0.8035247911489829,0.7782139642741563,0.04601174232607613,0.056867011547553525,0.2527665548511604,0.472134571648748,0.32631633402926286,0.45304760052006865,0.27246114071345323,0.20002432871754378,0.8426785805224506,0.7533691256264109,0.792993585152416,0.7504726309559263,0.768308636145784,0.707046996937527,0.8913604599096352,0.5505656383222282,0.5358285944539048,0.4208255226913203,0.6883332631378283,0.27916105897561233,0.4040064104302229,0.7707719750882386,0.3449181423103525,0.44149027729522294,0.1204773052870235,0.8752853384841214,0.3278284538510261,0.5630713280986799,0.11268178129131706,0.8816619394207433
0.5182499432599803,0.6856302095261986,0.4023405254889225,0.7827925126906302,0.7783256820576611,0.7995558302534301,0.04628603382687463,0.056003451571378204,0.2524061206136294,0.4685318445510668,0.323623285547997,0.4505973896384283,0.27293397265510383,0.1953171192599769,0.8350316623560272,0.7540460476009517,0.7888792995380514,0.7415622447125804,0.7525589731295164,0.6928672455504317,0.7837588688223803,0.7245948686166122,0.5250378982591735,0.4140068776239886,0.6429726955936353,0.31569673355660355,0.3874018896022271,0.8228139209040115,0.5456903491154392,0.24438798416183405,0.10167934307999532,0.8830129217367766,0.37928616159931744,0.48753133354712563,0.09538760207461833,0.8788114153096367
0.40648094904328336,0.7953315744940028,0.37381851090539175,0.80844327825322,0.720117391202011,0.895636002850861,0.044898098291093314,0.052691217124179235,0.24855807474081365,0.4676868360227253,0.3211183564340452,0.44649172176231694,0.271583230485423,0.18849557957949864,0.836719895247898,0.7500628932053511,0.7881835477329221,0.7441621867269483,0.7406690063604361,0.697767950212459,0.8127996418971267,0.7180774702121673,0.5225498118430332,0.41412896188270054,0.6788753075872592,0.286545205832958,0.36839993259030684,0.8037036655533276,0.35220645515556764,0.41193062793135177,0.0734324671205317,0.901999622320387,0.32618455943666635,0.5225752715162886,0.06961944974551204,0.8862215351111857
0.45536080198781276,0.7303195177421022,0.3492653706075165,0.8268150592355445,0.8045252428001394,0.6870653686323415,0.04222143026410358,0.051494372550268286,0.2501595081299019,0.4658975188001193,0.31512150754107504,0.44653998703958436,0.2752786947451464,0.19069527970863126,0.8446381994675398,0.7480015171505391,0.7946365449044848,0.7490536660048039,0.7541643119997434,0.6922984176666188,0.8512053864775682,0.6664265620031536,0.5243979759108537,0.4160585799121371,0.6278165228449882,0.31646477303605103,0.35850662150862583,0.7697315738244612,0.28936710522865366,0.4625380718055344,0.05540126179575999,0.8949665812532691,0.34036474290384383,0.5374801184109356,0.04379951994553405,0.8874211594793041
0.33490756884651857,0.8117921268514562,0.304761496061738,0.8579980864021504,0.7605194070152996,0.8436734794430802,0.03853673792169454,0.04806631349183638,0.24467598228647242,0.46361683749407,0.3097675432510847,0.44022727069178846,0.2686070318932586,0.18986702533893574,0.8509797533088699,0.7451245242148925,0.8027761612092128,0.762401194938913,0.7462255216545288,0.6997980139100793,0.8550714100607109,0.6815174153319491,0.5271180998752866,0.41819551314400394,0.6474138102555248,0.3158044179349623,0.3231518415446448,0.8251450608036454,0.6946856177803846,0.34573020629307094,0.056718634952615754,0.8995634920687301,0.6002486376076661,0.33795298524297135,0.06918739944591584,0.90838343473049
0.4898571948931746,0.6931670185932484,0.3953551996824927,0.813498141385069,0.7645849902308572,0.8200650054369171,0.04093154016444567,0.051726712815028886,0.250915055299904,0.4702766096641917,0.31675223963619037,0.4481100832196073,0.2766609334060285,0.19929542530650468,0.860776858886019,0.7446123195738251,0.8110967080647785,0.7693970377428474,0.7634264746221875,0.7157267090908659,0.8764940522805941,0.6217310275704697,0.5421883615672445,0.42466171206984094,0.7165609762057549,0.2625172998738833,0.41420284155674864,0.8204416758175246,0.5064372464110866,0.3231569840006843,0.12010941986672291,0.8805914069847416,0.34150691536568556,0.553974605579421,0.13854053613645206,0.9150397648940414
0.4965169924984232,0.6816403157242329,0.45331568759576213,0.7618833588917295,0.757389651327589,0.8395182748637101,0.0453446616943049,0.05027247897594356,0.2552515717500834,0.4701025551505215,0.3211217076512094,0.4472348327035186,0.27961769821018495,0.20873288396504547,0.8667666658300717,0.7396638452552902,0.8177165630986225,0.7791385976739849,0.7606985937742327,0.7106853928141654,0.8564519525652349,0.6953826949476491,0.5404271413631554,0.4242852881583462,0.681639496391859,0.2883976683289464,0.45353980843645647,0.798355625081117,0.3580474290725322,0.472866777103786,0.11265171138013891,0.8905584063505843,0.2561045086984447,0.6682748254513283,0.1391254268452348,0.9008140319684689
0.4176778785605794,0.7728341257620026,0.3950491967504429,0.8034264853350327,0.7884781219413989,0.7694861272351936,0.04304132604902039,0.04731263187324014,0.2573999694589945,0.46873149253093005,0.31906296923795247,0.4447194533672873,0.27499983121664656,0.21215086007283396,0.8574799426598676,0.7417742748447346,0.8093514531805774,0.7683225932217862,0.7617579633588847,0.7085267102507938,0.788577655882007,0.7650322221067898,0.550480271302359,0.43499852926999494,0.7235457653311876,0.2906702675092626,0.46079900837519044,0.7347355108573332,0.3338746500395139,0.4253929028583793,0.11272071896049751,0.8930236229631164,0.39314187578671445,0.5791986333477385,0.13255350223937282,0.8985918738781629
0.47176650887380406,0.7332695391097346,0.40796275757179074,0.806051647455665,0.794644829393792,0.7495661132726759,0.04254779753562793,0.04943187243808583,0.258179927446507,0.47078438761807456,0.3248129092225691,0.44813015263892414,0.28261577936771204,0.19815937022357605,0.824456129177734,0.7356550889983167,0.7735247467947075,0.7240961923323974,0.7361231199661125,0.658942459343058,0.8117166786170131,0.6395073931563041,0.5044365328053436,0.398274671886919,0.7211848150235325,0.2744044585621594,0.43745311313990737,0.835623443804026,0.44202657537649004,0.49111485927319876,0.10031563100943736,0.8910018464423197,0.3801649257710774,0.3728353603703664,0.11569095323626627,0.8818891298243027
0.4796227841770183,0.7190311618838938,0.43071456021534577,0.8210097553613226,0.8042782052336347,0.8561959150325278,0.03753700831934753,0.0479150466312282,0.2630183838865893,0.4807951513234189,0.3101239523171545,0.43579431252943907,0.27871215958152884,0.20725364836698962,0.8885044498430981,0.7209692999548494,0.8346076945769572,0.8038449390117484,0.7654567329086873,0.7247507848916258,0.8488935006722086,0.674554961741193,0.5789187395200496,0.45131144089810304,0.6634418271256299,0.35749295329290165,0.38533269999999203,0.8254385303912937,0.3327032488509487,0.39489235155461677,0.0793258379913434,0.892957453188405,0.5569410868968666,0.3359062928735922,0.09016595286608142,0.8819310320696485
0.5254676176720892,0.6755429936642696,0.44507874657374397,0.7728134828408113,0.7980880594998053,0.7220209064462918,0.02471941815011708,0.03312195535595197,0.2585034570359341,0.4695980394617697,0.3155981912954934,0.4327286303750514,0.2697953629149033,0.18961337421540053,0.8435049066602809,0.7211089882996506,0.7964994956814087,0.7553775639139841,0.7271826096984126,0.6617395921051897,0.7756308968579003,0.7653894939519206,0.4968425203507073,0.389943888138276,0.675618778017483,0.28715550980991417,0.4012855292031802,0.82330611851788,0.3784132524682147,0.3852685851510576,0.05585176544422321,0.9029586455647551,0.3840049118996251,0.4649564379450903,0.06380351789652089,0.8837058469106763
0.42895059706213373,0.7528867424558117,0.34028499514216476,0.8379597557403489,0.75615147364014,0.7638394037937449,0.021847418923028328,0.030243897333699754,0.2498055180123741,0.46303425639779083,0.3019305652235965,0.42421615895381004,0.2655942635981023,0.18894597886586112,0.89105551946567,0.7032137428874584,0.8323405986290067,0.799032726067064,0.7539017507648205,0.711419014160957,0.8782543781665944,0.5821933564450311,0.5455819716673822,0.42722405327023294,0.649432113639131,0.3592564029030521,0.3945461685110428,0.8269149974665244,0.4414531842557912,0.32354946318222894,0.08876455913528564,0.8915232756293655,0.605621697465426,0.3725530876958961,0.12156137491053942,0.8975621198104992
0.4526433756296742,0.7299718334216954,0.41182975526713894,0.7942233793852654,0.7615054455709781,0.8096149391869034,0.028805300981287918,0.037562840710939405,0.2592061167490051,0.47237552678789463,0.31532102488517355,0.43368208070693776,0.2673218256377966,0.2081639296923647,0.8839646566831373,0.717592290477628,0.8316472533266603,0.7981905979964135,0.7735402609924895,0.7052039993890968,0.8906737564794963,0.6184421584048414,0.5476986705207524,0.42873621526689987,0.6650943166918708,0.33840149959882826,0.452899573983758,0.8274185658234512,0.35421930364338994,0.41168722022110893,0.12887913824030617,0.8785460397734177,0.503271855648467,0.4302651226439734,0.16442923279843694,0.8971269919045524
0.474134869379721,0.7049465055458835,0.42561384995260576,0.7370535651569116,0.7848162402081041,0.7812266176481286,0.028863181149981598,0.03631425723778814,0.26466513078879966,0.47494425426149944,0.3192800245007761,0.4367943385430486,0.2793366360209526,0.20169910914157513,0.8903274958594314,0.7184390571443975,0.8351345023512369,0.8015563815025945,0.76646302885625,0.7252636403679998,0.853802953454899,0.5907123580843947,0.5565213897031205,0.43420716216302063,0.7134269612328683,0.2948655707012487,0.4500847002095885,0.7924587416589306,0.25822937947992564,0.5559655529734998,0.1117570418338476,0.8878607679787225,0.40657895088345897,0.5132670616378261,0.15726019987534692,0.8773394829027864
0.5049628455644434,0.6735618003224646,0.362713839321814,0.8459852881235475,0.8192842021794432,0.7153500284524097,0.028959438576211582,0.036494049268580686,0.27033791976581284,0.47693941612792945,0.327752966660929,0.4394553232570882,0.2762830577554154,0.20499503854507473,0.8609786704369095,0.7348469237840525,0.813749489616465,0.7779309079394765,0.7725999613144255,0.7087864609744718,0.8110476800690019,0.7815520042940503,0.5428760463183496,0.425608032292653,0.6682099858641449,0.3288708186518797,0.44145710407593847,0.7995147726040754,0.22358297322774534,0.5005251152174847,0.11320927285638305,0.8963463133008007,0.4608371285161807,0.3859646960440838,0.1537110531413397,0.8733429705201117
0.4829218536405775,0.7142627524304943,0.4274261552030223,0.8143221268665001,0.7910026643636723,0.8297575015489371,0.03429847977316225,0.042412693911549615,0.27734410322535263,0.48659699041952587,0.335806698751842,0.44536287073117575,0.28965491813499844,0.20130486265103797,0.8498623943991291,0.7402425085440829,0.8038099522455664,0.7686214323604258,0.7631418549774427,0.7047394817831512,0.8556801839167647,0.6603982149926915,0.5325552161670568,0.42121704242104696,0.6840361344673759,0.32883579045729233,0.42809247211656515,0.7700143678781343,0.35122773211501107,0.4154551758069275,0.10682221853174473,0.8777852293403092,0.699542837233408,0.2578163927323591,0.13243469496051133,0.863653882332214
0.49527103488029806,0.6524324549358408,0.3473115342118244,0.856550464164114,0.759207806245222,0.9022973041220397,0.036113040881392944,0.04697695786411932,0.2814222064368742,0.4945169983402825,0.3345309406625029,0.450051671254795,0.27920506994553473,0.22041372722240737,0.8679221065017968,0.7447194159190706,0.8189094043942771,0.7874109847060053,0.7840089289459701,0.7409391183429701,0.8369955668695565,0.7783670968639901,0.5545045216717989,0.4408006628254404,0.7376016936985534,0.3014284251544427,0.3805969835840704,0.7568657994377914,0.3936975219830589,0.40404637696168444,0.08416401720869127,0.8816203084922425,0.458261104520615,0.36327664368196966,0.10724652971382359,0.8605443657523975
0.449208084465873,0.7195222334946187,0.48184411631064655,0.7590484714312521,0.7954601746933977,0.8421193722534976,0.03871523582108527,0.04828415176568762,0.28459547133794494,0.4978982747041891,0.3390786287468667,0.4529944471322287,0.285216507623254,0.2208794638982819,0.858764045107723,0.7469414408572599,0.8099507135445797,0.7746153480072772,0.7718333992263807,0.7310261580917635,0.7866676712735221,0.7906405191780497,0.5371737893350375,0.4300518405428359,0.6865690032976947,0.3002479260890182,0.3425654017763927,0.7546542026157707,0.278542976554631,0.5180393251581706,0.06257578366447836,0.8871094500089177,0.40091921485222615,0.4565003571153161,0.0771514932892004,0.8553491952073591
0.4495740300511576,0.6647740705640401,0.4406797168054925,0.7836738739183869,0.8078847993570587,0.7729687387847811,0.0389416387470774,0.050824259593870824,0.2830737448882034,0.5001002716352205,0.33769944702360943,0.45284837349929574,0.29024348114008347,0.22425989834232735,0.8677064635843308,0.7529863026470698,0.8183189314364462,0.7885321804306376,0.7944614782295285,0.7507365635320892,0.8376392495434193,0.7358991033482984,0.549961304343901,0.4360469247123834,0.7204339550374957,0.2946343433215254,0.37498165977590736,0.7312842361070195,0.3460165167476301,0.4235963801377179,0.11191696245210653,0.8924746972003991,0.41390353872952523,0.41095416466412865,0.14628331343364173,0.8758653177118806
0.5118510514709501,0.6311622962650953,0.41768205825228044,0.8421340555993041,0.7687777294075732,0.8924882304407441,0.04691068680212046,0.058755042848303296,0.2922186090475887,0.506614297711768,0.3442969152813041,0.45927771888648383,0.2962878099099861,0.23177802277538717,0.8702825079121498,0.7557429154527594,0.8213605207133274,0.7905035619175198,0.7960585872976862,0.7637498469583419,0.8985445871452944,0.657887740628871,0.5541634188742729,0.4453429263836694,0.6841890213334711,0.33645820993434356,0.39602216324302114,0.7445906945350244,0.4960451200057542,0.2745512101372954,0.12048604051067097,0.8767692054457247,0.5920940065304635,0.2985103076232508,0.1612102010468849,0.8668381885531722
0.48842988365922785,0.6651643509620244,0.4285298597040018,0.829635665688009,0.7663265375056717,0.9290284931922314,0.04833045953781662,0.060040288222317995,0.2963773428172404,0.5118946525462564,0.34910335601950604,0.46334538585257967,0.30550283166395004,0.23434251425867175,0.8607535470287893,0.7576502947807937,0.8113153861748532,0.7794856082127927,0.7880921102758319,0.742683014261805,0.814132827527836,0.8049404962836392,0.5402520184880469,0.4330479255083104,0.71112079656291,0.28282669553986894,0.39730326857413134,0.7178589524884227,0.34485891055102535,0.5012577849803412,0.11798483926360237,0.8546641754298654,0.3222481702047748,0.4579525008227823,0.1501008360667825,0.8552131972190005
0.4521180879179582,0.7062832345123055,0.42757349487881957,0.8435384506788142,0.819072857109777,0.8392668352792874,0.05565857690904352,0.06507859694188023,0.3003569233560849,0.5158272994230106,0.3410277389113672,0.46388081920880886,0.31274583536940825,0.24374664486304598,0.8996959113207441,0.7560624837745142,0.841446944803761,0.814602888056263,0.8279255876407727,0.7789796874012855,0.8760532556214033,0.7071637239234377,0.5730336545634211,0.45443479008944365,0.7040963551875153,0.3324760377388698,0.34998550048370414,0.7889474744009688,0.43427811960407114,0.4904153707154898,0.10487012713811722,0.8608299675944637,0.335461533072115,0.5517076932194942,0.1397153804032418,0.8510481768868055
0.500244523261933,0.6785327340870254,0.487708045095799,0.7934945238580036,0.7981249509112217,0.9122647344451135,0.058318220687215816,0.06697537226298134,0.30236964814338785,0.5177395720544906,0.34584206298514353,0.4662068588958187,0.3130268685832178,0.25178369740882817,0.8757333173541019,0.7644801369123235,0.8213725641124592,0.7866572500351954,0.794661519245685,0.7532637928376709,0.8874502271269755,0.5862784226643666,0.5359427715731265,0.42535062980045435,0.6755339118403028,0.3332013036961233,0.36202522668047077,0.75053288016032,0.4678079134034426,0.33620231306558973,0.08705914396531994,0.8618446564568665,0.4933050892877291,0.3254776284014704,0.11645164894072685,0.8468004281883348
0.3874429434842211,0.7894228462239838,0.40992380110150267,0.8569551450503086,0.8397244730222113,0.7840460262674404,0.05916211523900261,0.06850004916307495,0.3019513938124943,0.5157794647423224,0.34088601336895247,0.46259415947441274,0.32280476363235644,0.24399764397559398,0.8799543272824611,0.7645559781101802,0.8223032221548267,0.7922601944402905,0.8043416351896642,0.7386736874169776,0.9472973124760757,0.538557631078865,0.5412587695555534,0.4295003065946218,0.6667420152020148,0.3236644885550897,0.3290354186751296,0.743007744451959,0.31440425990372156,0.47685280069853087,0.06558544238901004,0.8723263989218063,0.4004609372333322,0.4596523107680411,0.08758056379806511,0.8487828240621558
0.39522379817287207,0.7522728269114263,0.4106737455311241,0.835769398030254,0.8409023829372783,0.7524617831260392,0.05322253307768904,0.06650984482163902,0.295781415721501,0.5119523049084648,0.3349841526543716,0.4607885501793917,0.3141590513250628,0.24086846646163357,0.8705102315337069,0.7570524444870479,0.8130544569513345,0.7799284779284713,0.7697750186383964,0.7310781615494631,0.8332516075363836,0.6704108693293617,0.5228279185576005,0.416051810016387,0.6697618418943369,0.31410463608157047,0.34983830064386723,0.708027885887093,0.48992029461832814,0.2698332585951345,0.06436095737111491,0.8609722493251746,0.5808772968388128,0.3675928984610138,0.10807978630027254,0.8523623434697369
0.487741340760185,0.66497732794475,0.44896974591841726,0.8199542697529236,0.8461525552672294,0.7779771058886825,0.05770564509021198,0.07143799357090425,0.3002057228817681,0.5190517610096663,0.3395604430370507,0.4642783158843673,0.32618579831892636,0.23931266369333737,0.8868813604540644,0.7577992552840764,0.8287983482331249,0.7988889144101738,0.804895958310315,0.7545021336101181,0.9379698186144638,0.5998724339105639,0.5469095000740913,0.4343204197773761,0.7443717551125117,0.27601480589082006,0.3946936382047821,0.7763509617204487,0.3386406455401933,0.33225583204433584,0.11242629075467114,0.8530394950607376,0.3496552655223085,0.48528158486179646,0.16984191582613797,0.8570239779868728
0.3998653434814261,0.7987700580016923,0.4223189185764953,0.8494327222119032,0.8394552448576759,0.7942893642603384,0.05794513793238543,0.06620407232850822,0.3002514557385803,0.5118763308504186,0.33859537586286825,0.4626597415316104,0.32301911155634333,0.23691505916316613,0.8753125150298788,0.7509939338380964,0.8190225207668167,0.7861668480437777,0.7797276289753883,0.7155953131007813,0.8722153234444567,0.5759445900947999,0.5245453923594076,0.40960911431156266,0.6812675445352654,0.30450025383861756,0.4085053079611144,0.7686213460183163,0.4597650207299781,0.40761315772254286,0.10596647590974151,0.8387782578365333,0.35359339950142815,0.5906882348422915,0.15796296235700422,0.8409049446223948
0.3875402235692048,0.8325830482359651,0.44802723803752387,0.827385624876559,0.8640940531119627,0.675221562754877,0.05158092467224962,0.0635350138330486,0.2981981653280837,0.5088332529302668,0.3369301484209615,0.4585619390025084,0.31531532314517513,0.23680033228868774,0.8532510191508541,0.7508713925722641,0.8018100088937105,0.7645916578658749,0.7633865172828549,0.7029254199353538,0.7908296024194535,0.7630116726813294,0.5166528757217135,0.4110504659965778,0.7163692383823406,0.27141887695295064,0.4356201571943235,0.7097484472172875,0.4303311949377296,0.4247877972949887,0.10508881434362355,0.8451141758986971,0.26934161570443094,0.5703696568267642,0.154116794623279,0.8381150421763364
0.5037351194607447,0.6489341728802316,0.4713690569411234,0.7968117343277796,0.8418136426118759,0.7627503495891488,0.054573587075935126,0.06350128530080013,0.2980859608497022,0.5111851240861628,0.33155600032861604,0.4589540750701274,0.3151433909445485,0.23599713841007164,0.8569078834901585,0.7491197299646121,0.8044979852190577,0.7674258239813401,0.7633706713233619,0.7065764027333814,0.8489135186861214,0.6468743443537021,0.5239535418741382,0.4118487990547725,0.6586977343712327,0.3373459688743641,0.39972756278607685,0.7729799142846001,0.5378211935015377,0.3356784000822851,0.08052773073777547,0.856997808407784,0.44219141547160695,0.40450247684871704,0.1303994562566301,0.8368742468422711
0.47396910595895947,0.6849051315805573,0.4464906120851559,0.8463204577305398,0.8172216961668692,0.8066714425198431,0.05093503959888046,0.060371534836475005,0.29435922986414975,0.5080148105371975,0.3307237202285662,0.45716498233301106,0.3021379718212452,0.23759041464079061,0.8442178260362538,0.7462317986709294,0.7939651650835661,0.7535591088549449,0.7484548477703883,0.6955276716975647,0.8200046005793704,0.632342387022762,0.5069542452047603,0.404104552154107,0.6619571631063601,0.32858196527719985,0.38629840718533903,0.7472899488546335,0.3891093956319549,0.5096093921829499,0.05342917639042588,0.8728688042972096,0.41608668339098015,0.4559545329873761,0.1055737665568593,0.8303913013995522
0.44915832893153723,0.715799258654446,0.425765296594962,0.8247412424586298,0.7840082494538239,0.8239218170575425,0.05140985944278548,0.06168433651799382,0.2906758652236105,0.50492900073878,0.3300031813324604,0.4576360641648597,0.3068182850641747,0.22825294779142202,0.8297501859784822,0.7448555726875119,0.7785517816866712,0.7355800816361941,0.746704734579171,0.6745652683217098,0.8095634877306905,0.6865181052473599,0.4971617516729946,0.39529338399667535,0.6430814791083369,0.3465669987835105,0.3290628567168394,0.787992405154688,0.3212712318332537,0.6761822773632629,0.03493023290889491,0.8762098883848757,0.3986190391992081,0.5926615026705474,0.07572955921114155,0.8344382528624273
0.41030200727810384,0.7447366977440737,0.40418048145443375,0.8653088326833257,0.8163704157911149,0.7544290155988872,0.05101899549965572,0.05979281549772414,0.28932839995854076,0.504110178813246,0.3292788715137682,0.45889187461282976,0.3138090774228184,0.22921225269368606,0.8388553174941636,0.7449053188148839,0.7854027236178676,0.7392600874719316,0.7595171471904767,0.6942094693090767,0.8016950255322886,0.7308299538550372,0.5147440794051568,0.40779789128765004,0.6700717127575171,0.3296026092767683,0.3735126367335339,0.7766721395093261,0.3038743392575384,0.4935225257447847,0.09186208921336192,0.885558608730499,0.457063215695745,0.5328733737624292,0.15635281959860584,0.8603914237880116
0.4495212276756888,0.7710254293940506,0.39573924705886665,0.8976754260821118,0.8550523466199542,0.7591217829004624,0.06182318521846819,0.06853704065490734,0.2996059537227974,0.5130480344302435,0.3396595248399714,0.4638025505132598,0.3150285432421948,0.2427116848656959,0.8309609118981396,0.7435164083007135,0.7779659685358694,0.7350882515551318,0.7591758289185722,0.6784892070914921,0.8588378788916805,0.5402898167867712,0.5149379045763716,0.4079929982822532,0.6790452463865975,0.3251036823649433,0.4275249273294009,0.7751524470587356,0.529961065084122,0.33926886776888754,0.10423804403720355,0.8652262100213612,0.4737186442260605,0.43148856747910735,0.18923157759735645,0.8459448065280262
0.5274976745572046,0.6401869770307455,0.4648102432177986,0.8189800062667482,0.7974831550576823,0.8627201784273943,0.055935823949610775,0.06644291802136659,0.3011969337179198,0.5096604860271512,0.33666722218315387,0.46086447828266053,0.30454657382136013,0.23953971318191758,0.8166695632543141,0.7361600949869112,0.7655360637290454,0.7160700595482525,0.7536196660037414,0.6480874569165194,0.8046261747405845,0.6520543853739601,0.5077504957060102,0.40569716500293596,0.6924157520113017,0.31077491599690577,0.42949741060890384,0.7823930773446102,0.47939203214686127,0.37186198110269325,0.0971102375371573,0.8630527205685457,0.44804011897985446,0.3436095773998898,0.17762232313638043,0.8342601008290622
0.48397673411555103,0.7903522139207141,0.404930703091109,0.8881082921197445,0.8267197711671319,0.7920779497437394,0.053194227970605856,0.06141730939873108,0.2988475583882471,0.5076380883585678,0.32837538206439143,0.4591244681905017,0.30467078633336747,0.22963979073828228,0.8190339925580606,0.7368041815701791,0.7675903064977033,0.7154456748046686,0.751823227617215,0.6605883789880803,0.7592682584474401,0.8053085601050801,0.5160317775427335,0.40805082890806355,0.7020611728324285,0.30314980196363,0.43823490119942277,0.7625838450971791,0.48025780012210006,0.3821102298084781,0.09678913993190824,0.8571977358641625,0.31089721832705575,0.5101456427392859,0.17135250030789148,0.8244794760047335
0.5230531425537965,0.6861393296700322,0.4620391144084546,0.8403519635133065,0.815870293341281,0.7731963931291317,0.05095949148020701,0.058035668316411104,0.28998770670916,0.5005523674289825,0.3227856069557066,0.45397311642148064,0.30007457834182266,0.2181547468479686,0.8135702046574329,0.7327017257032297,0.763832614531215,0.7148021300423947,0.7296073415960872,0.6359994753737023,0.7341594424620187,0.7504343694768585,0.4888558090567663,0.3889889034974694,0.6515873655019033,0.2997011081085857,0.4230100165604803,0.7888175351859887,0.29189885319976827,0.4401305628825102,0.07759968317109661,0.8753106230422789,0.2237277528912738,0.6667960661352743,0.1458943263007267,0.8155948243677502
0.49805757575250953,0.7310040107278034,0.45413303298291696,0.8317679889868538,0.829663325314366,0.729743626608207,0.05357349396006306,0.06278780209131629,0.29451137981298114,0.5022127654092863,0.31958709640321237,0.4547587901985348,0.3052691922889865,0.22289517083525473,0.8011008115658906,0.7279881238682765,0.7503861104820564,0.6937136694776945,0.7140918109442445,0.6242094833575564,0.7638209704881207,0.5812866605202034,0.47729999031032583,0.3851051669481742,0.6640250018873691,0.2998941387419012,0.4129343912157384,0.7554716238849841,0.39709131052607105,0.378027914953056,0.05789043121515264,0.8735250129319976,0.3257470968184679,0.5885272489022721,0.11729237785649993,0.8044724249970345
0.5539287570148553,0.5663746921884846,0.48322061378466474,0.7898905766664753,0.7858894484080214,0.8527680111216479,0.047938710413781505,0.062188545881122936,0.290221600007175,0.5035412636108377,0.3132461723096157,0.45365625031067336,0.30849849231649745,0.21008997418338532,0.7998217109400791,0.7311131260371889,0.7489124798743682,0.6951843180065385,0.7242267348228144,0.619437467484226,0.7974787522411788,0.5652722451534951,0.47876537900429916,0.38124972536157026,0.6417446089515972,0.278280610297892,0.38066514631040843,0.7336480535223506,0.6220467865615835,0.3193962845968172,0.03692518662205657,0.8740345915369934,0.3554511423255745,0.5100588491194863,0.08797315841049247,0.807972125852247
0.5170691731865891,0.6494878379504785,0.49872010679116086,0.7844578555622022,0.7788077230945487,0.8421342752670008,0.04915686748728043,0.06132023997414365,0.2843827320710574,0.49963972073632007,0.3121678009414486,0.45306307298902215,0.30370226023732777,0.21542924146162679,0.8116983080914738,0.7328764204047238,0.7618213524246393,0.7129266619105503,0.727059753122636,0.6483742426747867,0.7646642662154555,0.6130898845573146,0.4909169265969228,0.3897308093637323,0.6561925993863363,0.29364169873154544,0.42917262133105194,0.7218292937236548,0.47943579987883683,0.36740679867524123,0.09613625892721128,0.8846326023768266,0.34145799311978464,0.5288581966229573,0.172578971807452,0.8230581699555671
0.5475888483675294,0.63007903126609,0.4687899975913773,0.7777529489377742,0.8640398481580511,0.6641212877436162,0.05899087292347671,0.0680232982899373,0.29845669050930046,0.5091937047983718,0.32081901304728644,0.45929084742091664,0.31209686473866016,0.21483838481772316,0.800688480428958,0.7306736228802941,0.7513369573900979,0.7025019133127127,0.7317895483271291,0.6363809150063922,0.735315710383854,0.7278031404655216,0.4909474399988706,0.3901403887357219,0.6787105368703484,0.31134569073818447,0.4477427445251823,0.7680146884212451,0.5406228799381323,0.19350903142952808,0.10362502692765269,0.8630670251858695,0.633244504577038,0.37170001801657454,0.19331828384762476,0.8073809458755281
0.5285340969141825,0.6895647964537418,0.4603539471422019,0.8226638516140569,0.8017905023371472,0.8389443839160603,0.05585066994345911,0.06945672584360035,0.2995362371901435,0.5101516926234344,0.32383718697791275,0.45992328695193296,0.30805460853406935,0.21829790420671236,0.7833705595632037,0.7223583354405589,0.7308696685694627,0.6780084603949734,0.7144328175367954,0.604473844690835,0.7790968396146595,0.5958283234040032,0.4723597375124573,0.3788379969398634,0.6893417485931821,0.2685790108984807,0.454587886240474,0.7576367638081848,0.5950234179850005,0.2702073770099761,0.09850242532325149,0.867214673277312,0.586350508755709,0.3177793630837681,0.17920927309370585,0.8008093277983687
0.5740505011098397,0.6507875053465941,0.5104519764522846,0.778915922441231,0.8473028107928393,0.7244547359594287,0.06371045887976029,0.07451127753098591,0.3047945317728892,0.514293075863972,0.32127066573116714,0.45848255906416974,0.3232561020080699,0.22723057034504734,0.7843446340785816,0.7252808162685084,0.7282178520387108,0.6711317052612229,0.7116475184246744,0.6281351873752796,0.7547724529886715,0.6453188090795392,0.48376618725493814,0.38854336905682285,0.7045674076334875,0.25807073715939266,0.462393906657318,0.7141210895315797,0.29242798804519987,0.6642691570159865,0.08105654681631808,0.8772335516833025,0.42872540736527653,0.4280286007663695,0.16748290026994062,0.7844660758008162
0.5523022665319514,0.7024275385446255,0.5038118877113759,0.8270815739841305,0.8128174089361574,0.8743903346354356,0.06448595741630686,0.07520075849613944,0.3050928691662077,0.5167771487926807,0.3235487495767187,0.4614833181880841,0.31479861291840583,0.2287481237378332,0.7864310158860153,0.7269913791625617,0.7341598158357434,0.6787301231857781,0.726224196099533,0.6351325344051404,0.7924290521740189,0.6435038138112348,0.48713497871008415,0.3913004749795722,0.606518607226451,0.31900973899094304,0.4126066619276911,0.7269835388513962,0.34114372306743573,0.3119208858941144,0.07405130779547986,0.8646883500045782,0.43262504822047554,0.5055533359829281,0.142711473909076,0.778313770017867
0.4676189503370039,0.7327534468773309,0.42270348223813625,0.8525138239024311,0.8353071093766766,0.8185224662118444,0.06863919808516661,0.08059270710064642,0.3078595263855074,0.5195576968987985,0.32281501405663493,0.4610701055035811,0.32640422902247684,0.23695836551148253,0.789717735301447,0.7361259991368294,0.7383954303145799,0.6886293329027912,0.730658574250006,0.6505224310459097,0.7378968026908961,0.7082764485131704,0.4877202822607517,0.39401194942345374,0.6049232723373146,0.3163277299204946,0.38925303305249975,0.7062593168056568,0.4434623647294811,0.46507304961109813,0.052851562341856895,0.8553131043918057,0.27400791503722866,0.5382110099381998,0.11343484316261693,0.7812400891753166
0.5215500842433722,0.6515895651026422,0.4906601991639953,0.7964393688729982,0.8233040382913858,0.8303456598300911,0.06781504788415971,0.07900038968430412,0.30285128325119787,0.518625777178691,0.32143939691795737,0.45936517792720527,0.3026149555281414,0.24147070348085292,0.8163997451632479,0.7470866721801156,0.7656641287316122,0.7230312529950661,0.7487921144356566,0.6866835224301855,0.8054968913164223,0.6559782280035757,0.510901440585877,0.41164178623163195,0.6518905197982723,0.2933049732495929,0.347202225879641,0.7154957393336066,0.5720477855228102,0.26412539315426314,0.027220217677426772,0.8473399577881082,0.26772625170877784,0.6495085533029175,0.0944827598717825,0.78078022567863
0.48923966997827745,0.6575043401624342,0.4660818796024381,0.8065917085398961,0.8924127153689885,0.6797243119303301,0.07312546323430275,0.08340703520618137,0.3064895398496179,0.5233102408408611,0.32998615848085144,0.4643562466783141,0.31115073511147767,0.2529728861953022,0.8172043740040229,0.7555306416697709,0.7668281936731403,0.7240675142276676,0.760452130580535,0.6846244775006027,0.8532122473121977,0.6096194924861461,0.5119000144144011,0.41110480131500693,0.724473784186897,0.24976547991458206,0.4318925094300599,0.6782623054783017,0.406983088559675,0.508229714060723,0.09777551392824513,0.8449315003616786,0.5081968373199612,0.38694014734907145,0.17279367175384686,0.791491552822376
0.39993961438738557,0.8221567836223733,0.45142984215058035,0.8407379354194935,0.8459383567651222,0.7991626729783066,0.07698683336730416,0.08452566279287571,0.3084990232762948,0.5216156521838615,0.3279759452849016,0.4615469591845516,0.33511354175610736,0.23483127801520182,0.826793382067362,0.762170337108615,0.7767038928319515,0.7358813716320147,0.7639302137842328,0.7078278566314953,0.8836549826619462,0.5624312224516407,0.5294747952181869,0.4221578000400584,0.6619682396467482,0.2983448774316799,0.4106086988161452,0.7048113133033744,0.503647446875102,0.41354660967859513,0.07758429779533843,0.8443272791748528,0.44684015642741914,0.42801347925573174,0.15913194553797652,0.777067315839241
0.4126086001305672,0.7877046184005183,0.48708964586899517,0.8418223348778154,0.8352044559091021,0.8187771301519422,0.07405630034634109,0.08495196756646528,0.3076646869200248,0.5233790613687649,0.32661518258030775,0.460133755949524,0.3396383243980581,0.2444459047817895,0.8257752151261457,0.7625411785082148,0.7734701163793742,0.7314302913897568,0.7623377707992333,0.6952113236472119,0.7785769716402714,0.7473497545369958,0.519730606002864,0.41261483771207597,0.7021473518948548,0.27735193817832937,0.4265022335745282,0.6865553671488125,0.388849694952832,0.46195884599902254,0.08347470621734066,0.8491218307040677,0.5119286354980144,0.44928070921458224,0.15947514973298701,0.7766849993802317
0.573000868752759,0.5648452634689259,0.5029975954261916,0.7381141388125373,0.8450698095760549,0.8147322744502747,0.07926067683721272,0.08507167327400406,0.30865153435313253,0.519542562361888,0.321857544620452,0.45828112167032,0.3416595879548867,0.2362118583607008,0.8410814989979557,0.7687364415397206,0.7889801246275137,0.7476843672691276,0.7681076426906988,0.7176990022375164,0.7971566789821504,0.8164560346903891,0.5282123152178643,0.41890052011871237,0.6337025834705508,0.3164414614141586,0.41728245024046084,0.6806049884478951,0.5582633061431524,0.3480717286614349,0.062428448213158405,0.8459105447788399,0.29664678728729377,0.5413735081630706,0.13754075939165508,0.7752425070231033
0.535523373113098,0.6359523855965785,0.5036281573984861,0.7917375200386124,0.8150686767052129,0.8726571248889589,0.07235780809252623,0.08330434479652149,0.30450845258657927,0.5183843729068014,0.31855934681097825,0.457827089192264,0.33656227041009706,0.23252533811454806,0.848179755540483,0.768241654720863,0.7950122272404149,0.7546166758652189,0.7713384912595125,0.7185944756509794,0.8042253043099612,0.7233192839765155,0.5320039874558153,0.42126445340803415,0.6915082955296593,0.2864915555930367,0.3755014181944088,0.7048518492308281,0.6179045520681614,0.27033270453693564,0.04167320964441795,0.8453249018113491,0.4559795903899537,0.49875953957259345,0.10995240067311851,0.774795078036862
0.47484014935243246,0.7295048712101432,0.4911419496108172,0.825495902000788,0.8637801526830347,0.7569336094047783,0.06835183255369054,0.08022636778240366,0.3019221366915952,0.5177241241701878,0.31721675948428896,0.45529956958180784,0.3284116287987723,0.23120843394167817,0.8474302443025734,0.7629601787989932,0.7935945397525526,0.7502289447991899,0.7596391510215714,0.7111164516411511,0.7710268561830491,0.8251671441539377,0.5248674980110126,0.41614995533361115,0.7187242028977405,0.2554813217723018,0.34759165492325045,0.7153491944622814,0.49349332464952433,0.30882736233765484,0.016435104092020203,0.8598808132350715,0.4015937046473736,0.5141734804585533,0.07880936170375225,0.777610380367032
0.5224238464297289,0.635028671227763,0.4821692824375615,0.8051715546000667,0.8416756832664704,0.7702937139157437,0.06703534479726492,0.07678003938027034,0.29533998820283547,0.5103087092114486,0.31539484785872896,0.4544819601444654,0.32599385856893504,0.22684995589842755,0.8397870939495581,0.7584776763078107,0.7860040139604798,0.7464432934783973,0.7592083223598549,0.6763301288094148,0.8413035361830484,0.6088956404452062,0.5102404245472052,0.4042565037345202,0.6594767478019831,0.3067048448436691,0.40993573645828535,0.7755390761155769,0.40670007106279926,0.3499968907594041,0.09604411273082164,0.8440488216414919,0.3420853820381338,0.5634440818957887,0.16685497521326673,0.7914406712296375
0.5126495154052513,0.6914263098640694,0.5042442506578706,0.8056195787662954,0.8526109409004792,0.7296985707924659,0.07304103318224292,0.08043061329355466,0.29805906787728265,0.5114595920132957,0.3096786146258853,0.45408642509261915,0.3428567348553945,0.2492047603437233,0.8067505783780542,0.7399999494000731,0.7534970047307621,0.702995443865361,0.7167160746052057,0.631591173462103,0.7889820524409781,0.6121821931252464,0.47893202393797774,0.377870877848713,0.6719440522618996,0.2620922511972167,0.48974549450825194,0.7509906992316566,0.42836448009139383,0.36895341982161795,0.09600524508668323,0.8600151682126278,0.38920768154745305,0.45989734206530497,0.18678957204576244,0.7773337224030499
0.5509214578926612,0.7022141368119033,0.5031422139643246,0.8132554836573682,0.8598326486053162,0.7239995940960415,0.06890233291184505,0.07862849272616551,0.2976397246296096,0.5095353565868586,0.30598589044880875,0.45338549650534254,0.3402896964698942,0.23057369336771755,0.8201623958605464,0.741259005321435,0.7680757848863635,0.7260365856711111,0.7313470343905756,0.6637479592947965,0.7401652475205484,0.8377331971874447,0.5054870278629402,0.3976983546980608,0.6641453552713034,0.29389828570448256,0.4618562431891687,0.7851292816825027,0.308403930544903,0.5042823921000728,0.09412882486784263,0.8477078903305686,0.33252448338218404,0.39067996263813604,0.1796190142137802,0.766774226438483
0.5361340638962147,0.6461590361796813,0.4147838819041234,0.890743192529859,0.8436235820926564,0.7755184788502026,0.06560193681303494,0.07348464636697355,0.2956236912545791,0.5031875330034925,0.3046168217087587,0.45287823548799294,0.3327492758006038,0.2247817561941286,0.8334097482233114,0.7486231229352949,0.7821707064939047,0.7392849138587649,0.738893899457675,0.6694232874436447,0.7758355473227427,0.7337988567506226,0.5153884812089552,0.40366058053533826,0.6515823813802025,0.3079025652262431,0.4840123088217148,0.7560565478870442,0.625400585209914,0.24408355506072876,0.08676814182674569,0.8422531147491382,0.33905781512200706,0.48472896053640696,0.16558238720461593,0.7683511604388611
0.44778029210033027,0.7594442308145672,0.4092503367073373,0.8547743080770951,0.8417127463514783,0.7671269956418993,0.05707257644958397,0.06694198767334436,0.2904070746724888,0.4996606076204735,0.30028486174977614,0.4481836856880132,0.32115947048895077,0.21862206335924994,0.8579768111483685,0.7446470626804869,0.804959499080502,0.766495857487666,0.7621452978515262,0.6794918130815197,0.7800827926184887,0.7583187590842109,0.530422347727067,0.40805917689569904,0.6682837014163272,0.29308390495933967,0.4610894445733342,0.7442550359494058,0.44484546186216706,0.49236973176484233,0.060151211554944295,0.8451991062462328,0.3039976808135371,0.4474726387848368,0.14021912314313442,0.765944919938605
0.4839801928079604,0.7332679995702559,0.390944791121538,0.8703647931029836,0.839591027027573,0.7112254448112162,0.05281963672629564,0.06229397228709693,0.28412844227767453,0.4908648901484237,0.2972248092805365,0.4469434176574253,0.3127396391566407,0.2180660922980852,0.8634592015961549,0.7406480094083796,0.8098792802137356,0.7723574916876336,0.7572278728914479,0.6708219504699813,0.8698058566340279,0.5699378655962735,0.5196223840713473,0.4081522856268191,0.7056876875660311,0.24316234796138433,0.4412634116179294,0.7235693237145954,0.2205776952590753,0.48641071040060685,0.039848279319320945,0.8429787013584049,0.4254108627678118,0.42155799314433895,0.11447925216973887,0.7594028258403314
0.43156739627776286,0.7410147235070088,0.35834431256309923,0.882547294349609,0.8168370028479314,0.7736685638593654,0.04660870122558197,0.05810200904710833,0.2759393590600809,0.48528073007537786,0.28893651638243445,0.44249759166571945,0.31261963727713593,0.19132607260807943,0.8843528516935761,0.7353233725658739,0.8297657273834838,0.7958966538349718,0.7692672327827054,0.6856015953503608,0.8663650268214729,0.5935045010331357,0.537432007398838,0.41619290138919485,0.6687762190006741,0.28671301194621024,0.40899246784038934,0.7136207960916148,0.36638107637225675,0.36519665819663466,0.01974622624527389,0.8546939626499448,0.5980876451576378,0.3395545509073543,0.11430272309469391,0.7706864346422013
0.4997773720633662,0.7101807560746826,0.47247978785964795,0.7886686144129159,0.8132301121189955,0.7638374286333989,0.04540260969769677,0.054262076866278486,0.2798835857774643,0.485508692043623,0.3002178408319846,0.4444726390926312,0.3099066271222325,0.20802714347021084,0.9204064119408193,0.7107984206455572,0.8556211804922461,0.8266328182097251,0.7757432867716783,0.7276639921401441,0.8189534656728997,0.7193916270145637,0.5530547599204967,0.43139660004390373,0.7133253146726038,0.2793632295248682,0.5009592321533758,0.7284466443304187,0.42024370768030667,0.35518867092904205,0.09855385879707229,0.826983086249861,0.46521678589102944,0.37551359891173686,0.20078629795352818,0.7751815577195891
0.6006144979756651,0.6557449096183569,0.48524257627248485,0.7945278085520666,0.8243312776575185,0.7846662569532361,0.04400905722468429,0.05332159811016968,0.2838085443245346,0.48724563180075803,0.3065388838714254,0.44714226780438127,0.32018024341535134,0.20823456969089205,0.8941966107496047,0.7217190205451256,0.839753172021161,0.8040296428254982,0.7651257441269687,0.6968466633871762,0.8897603997578596,0.5692425893399652,0.540370740966264,0.4199106926241855,0.741567616438022,0.26533719556080776,0.5292213855719208,0.7636805742525989,0.3379455328381348,0.3712646690451489,0.11250400452130693,0.8186520771765351,0.2436722295864471,0.6582984848509341,0.20528552468184316,0.7683004532910125
0.6488083104313709,0.5575078221780871,0.5146886726774406,0.7909350953176063,0.7877230580052742,0.8474284237768429,0.041829457740235054,0.05010519725670448,0.2856136615216517,0.4898210592682429,0.3112854683575022,0.4496291354473514,0.31715801154075074,0.20361681186787473,0.8729470546078097,0.7323734570614893,0.8228569399461312,0.7866852481590223,0.7652827202543825,0.6807897298797446,0.8653424644948515,0.625033689944894,0.5375211721721065,0.41414424610609996,0.7250040070257289,0.28231649179467067,0.5035927217367522,0.7770407183681162,0.3873572981396926,0.4568713491637616,0.11398068909673209,0.8194652083143672,0.42525194686054874,0.43156765508797035,0.20429627721628357,0.7630303561817011
0.5569963456337843,0.6482785303572629,0.43561904534426055,0.8437172937510774,0.8276832908165718,0.7499913227602449,0.049078633066057975,0.054328362098540695,0.29079070874496005,0.4917292292078954,0.31366130509085244,0.4509300547371957,0.3226740484028744,0.2088635368165334,0.8601849766222955,0.7357203761372786,0.8120323668406043,0.7711735877268171,0.7561746948742285,0.676340577817816,0.8347367648276162,0.5602357131892154,0.5302992902600001,0.41067396604345646,0.6893475965320741,0.3104833140584815,0.501731773458777,0.7383966012445726,0.6102945181548808,0.22021689755473495,0.09848305194236096,0.828972294143303,0.4479652530545982,0.3875330686982939,0.18555971278551248,0.7563761115915058
0.5137550467672498,0.68533953163444,0.41174189187861787,0.8301577074626401,0.8151788526260915,0.8107301236773115,0.04466692851145837,0.05522564287486453,0.29217605548146275,0.49556034054003123,0.3168064870960181,0.4519357241592842,0.3165958862701379,0.21124095353149464,0.8671820261298463,0.7409123796729915,0.8189950561627017,0.7797874245818077,0.7722387576304319,0.7028479906909211,0.8186040906901535,0.7310369993772694,0.5457354214435367,0.42234032857957804,0.7205522411895482,0.29639678350331056,0.45995894569707285,0.7578815319069827,0.5224232422862225,0.28835005141529746,0.07725442697010182,0.8310647445164243,0.615116609813894,0.36425524771105017,0.16233225035398668,0.7510864403070643
0.4982145179485244,0.7359424960654701,0.3767912972126587,0.905489615403053,0.8500876048390302,0.7048592633648308,0.044649662739198515,0.05421378261463139,0.29159803597952444,0.4952245050777301,0.31854421482135375,0.45041273888712174,0.3103750287435038,0.2137673445492208,0.8658541683567808,0.743871765255872,0.8147844334865457,0.779364001251577,0.7639938197824163,0.6942874181805729,0.8311355090321367,0.6604819654828054,0.5344805906538698,0.41846936216485625,0.7164964460372737,0.29989318965676237,0.43790816058271087,0.7118508987920841,0.43725596795204097,0.22424923560754584,0.059603010287368974,0.814634625998561,0.45960499582647873,0.44965762868358145,0.13317146550773815,0.7454080127880431
0.5266552051862237,0.6827715550486347,0.4968110149470317,0.7723568734590989,0.7609031758524304,0.8882572302763772,0.03741715596249101,0.05054280754948082,0.2882505569368826,0.49652555483499244,0.31575509250558786,0.44701602897386267,0.3042260083496163,0.2064683141012702,0.8825429531261746,0.7420974814941131,0.8306639341144155,0.7949235376207133,0.7840618266946606,0.729741404362941,0.8623479118799746,0.6702632493581071,0.5554832931098297,0.4334914239760067,0.7291893045519493,0.28200573231510606,0.44400887097318753,0.6765621882309416,0.2717734903010805,0.5910115138431964,0.0679018905431023,0.8260060669994872,0.5459107923182411,0.3753039009139978,0.1721690218314858,0.7653253599691607
0.5958768225745683,0.5775792811526703,0.412520578613714,0.8172242020497251,0.8150655475173935,0.7765853377253673,0.033197257573313876,0.046044365713288904,0.2881052150402741,0.49630726816524046,0.3278689091265685,0.447682343706835,0.2930855336176256,0.20830530545582265,0.8872092621543322,0.7528686640471696,0.8349175012541031,0.8012828001293362,0.7962659464401242,0.7467003576722301,0.7948852391205683,0.8302904523408737,0.5617086471624928,0.4375106871683981,0.7517277337234481,0.28901848758682575,0.5135435534459323,0.6576488008991161,0.24516797427268913,0.3864723396311802,0.11367582930815917,0.8064429424657014,0.5437656277083546,0.39267430306993584,0.22178804462711726,0.7550543467722954
0.4266757028956702,0.8571171515934614,0.4267626847006893,0.8525184537799444,0.831791575082578,0.7866910204336646,0.03368238503725862,0.04956847668904685,0.2979897661377856,0.5017419008599169,0.3395215435914516,0.45441180757475774,0.3046682979485556,0.2128167759454886,0.8929562441265779,0.7573667183978409,0.8389312388048733,0.8079594195254327,0.8058691261626336,0.7480803467673811,0.8923961771197471,0.6579642531093868,0.5675146974667897,0.43767192886053113,0.7268487643090036,0.28855223178703043,0.4828001171112154,0.6986056093526618,0.39488615649642334,0.46067298591268446,0.1071479745336979,0.807836854362751,0.45722115161342564,0.36088400989384595,0.21418508537036723,0.7508294596529201
0.5422303881410873,0.6889229963270089,0.407558195825111,0.8450535091796922,0.8230648485686654,0.81585496248197,0.03228808815002798,0.047787843043154754,0.2973398641013998,0.5017214162050587,0.33605610429462873,0.45379387571995017,0.2968776439855223,0.21588114600537694,0.9117105480904142,0.7558596398582125,0.8536294991326543,0.8227672573448099,0.8222179229110578,0.7655608829260974,0.8941909446902695,0.7615813875357352,0.5783523914024078,0.45137911309362383,0.6924848437379031,0.33541646402017594,0.49209129070092517,0.6700156181019286,0.36639252570041925,0.29796802251061255,0.11906143090937277,0.790641140692373,0.42578203265552544,0.41810162255926836,0.21044693608448056,0.7506010960199969
0.5267274271092894,0.6891700900375324,0.46667114632852186,0.7692354963219376,0.8011090417231652,0.8914064031929351,0.03583740653870787,0.05162900055320663,0.3017353628413024,0.5069824139493935,0.3393990455118848,0.45835174215354624,0.30573485510728815,0.2225040122091787,0.9094380700098115,0.7574577550368944,0.8503999590505553,0.817617146446277,0.8156290870958967,0.7644611537129231,0.9050916103741933,0.6581661136787695,0.5683645899038586,0.4415191278558769,0.7176165027714031,0.31253684977255547,0.47392366636463323,0.6817724766229006,0.43409848123160794,0.2783160916475865,0.1027167058028321,0.7878806164615032,0.3722806101639919,0.6218620064972777,0.1893419992268264,0.7350297307992286
0.5165621539672747,0.6890301675512778,0.42060059290055757,0.8522364792999273,0.8444336030276485,0.7825511291004965,0.037537786062676715,0.05331815533608275,0.30253723622700757,0.510387764269878,0.3373844480983933,0.4570074337028517,0.308990172966516,0.22563151509079815,0.9146152311711228,0.764015760277821,0.8537222579614825,0.8217350286205829,0.8232900679100372,0.7818132018759492,0.8976954028585333,0.6197469554742043,0.5725101733549203,0.44735004671656986,0.7643618232830584,0.2877309703245761,0.42673447575307416,0.6931976061750774,0.19033268523229274,0.5091689653082146,0.08006596106922165,0.7997546776926283,0.5735470969334633,0.42608076661048844,0.16360281808099275,0.7326899119970963
0.44376076717209845,0.7258023309229638,0.4167537377050232,0.8117954015134444,0.8149479890545135,0.8324444740743127,0.038836832694350454,0.05223284972080361,0.30261148009387945,0.5093006344643134,0.33638469077192057,0.4545749768646447,0.30413739680769414,0.2311698183812252,0.9168669753042729,0.7633927248525041,0.8544057541944129,0.823053365719078,0.820159814266338,0.767324101159754,0.8436151346585323,0.8207315239496211,0.5651389558054344,0.4410270901998991,0.7396312278953586,0.27992326429872405,0.4042280961159225,0.704651885213779,0.5033290994341567,0.2544679130960673,0.05834537649723842,0.7943234260441993,0.16358867980652436,0.5856067756167476,0.13207526626581076,0.7298932333554725
0.4965684502810275,0.6759609857267308,0.4056706795947334,0.8439768415151178,0.8711080428917025,0.7794136079918601,0.04793188535538806,0.061587557671736404,0.30913346502083516,0.5172112604873258,0.3458888594326861,0.4609555884041383,0.31575012063888164,0.23423524013005292,0.8890466834475201,0.7815273438496216,0.8362214585456255,0.7995932573569224,0.7975446416208768,0.7513821116878766,0.9018268339421995,0.5754963113011899,0.5346129195205649,0.4168504032380361,0.7362114707897474,0.2543568486598209,0.4855594156787788,0.7222129802128616,0.24595285838762093,0.5670434427837445,0.13139712724936659,0.7861217706127324,0.665587652374033,0.3293980203129829,0.21399375760375564,0.7307724846408619
0.4546873551565313,0.7702403096522323,0.4870465668953676,0.8198963729254957,0.8597652932741585,0.817654678692315,0.05195561261878895,0.0638750552815115,0.3165651609874989,0.5250629586568152,0.3404958061337101,0.46631323720754236,0.3271192852427327,0.23802632262103457,0.9017307397051045,0.7788775603282498,0.8461088367087681,0.8148998029867909,0.8275944975293206,0.7478120079919959,0.9451147598052663,0.5618907318380919,0.5632924762030708,0.4292928394264233,0.7595787190454536,0.2776868711708916,0.5135544624515916,0.6755912962495056,0.3003655118102734,0.4928031982457832,0.12682607293119152,0.7797324712056561,0.39821954901537077,0.546272713357623,0.2093805047206911,0.7266865381184143
0.5043916049715108,0.6683667133071192,0.4378954172738042,0.853021467740373,0.8372656811909945,0.8507017191368892,0.04378690441142563,0.058786853429985464,0.3128934753176411,0.516826895453616,0.337691721232736,0.4611811544698887,0.31524626085566576,0.24372702609016278,0.8666359977201592,0.7758852673631016,0.8133332704448671,0.7737525799222174,0.7742710046456532,0.7290673811642965,0.8515138763005741,0.662238703154223,0.5253189195150109,0.4097519815502976,0.6944037948973855,0.3034891652060734,0.5012160276308419,0.7190707784830179,0.40964025381739366,0.3778328643361249,0.12334457409794697,0.7953675283839456,0.48356171733382375,0.4329486546478487,0.20808480605353513,0.7191848965280874
0.5494741336928047,0.6226831954389703,0.48449632181366503,0.8169778596286945,0.85110271338615,0.8094508548139276,0.04411419623263724,0.05910798672623574,0.31189004813103754,0.5199800147097297,0.33844591226787935,0.4624716377653243,0.3209610383980021,0.2356522120945601,0.8735266832669586,0.7741586804571415,0.8188919052084893,0.7831510016257522,0.7959935174610954,0.723477466115342,0.882861831960484,0.6678277338017646,0.5335527909954487,0.4103702237397624,0.7411043023398916,0.2754592703469268,0.48583487305655304,0.7259837304720772,0.4509595436019196,0.3511998776111244,0.1158242614963359,0.7743502527667417,0.5811627635333232,0.373697634197254,0.19116577034888238,0.7128240398295613
0.5844300986756455,0.5889891289571665,0.48906245841306206,0.8018591699651716,0.832222170124064,0.8449338959215456,0.03441344428220472,0.052142513157751647,0.30427484466042154,0.5119180279082914,0.3295389730527752,0.45155844182355986,0.3053969993828138,0.2227163851317609,0.8867083811685579,0.7644805375441588,0.8297327214413349,0.7968914313785112,0.7789409729891679,0.721508820529083,0.7334689542375561,0.9748276778499512,0.5376297692320884,0.4145971682893468,0.7055590564660599,0.2816863285524188,0.4617428422748775,0.7781746528458193,0.2796401602361682,0.490571044430704,0.09422325547517763,0.7815610323361162,0.4052341631838959,0.47745482980768983,0.1650704799057872,0.7065518124405573
0.5011072443099379,0.6936466305348334,0.44391077139108814,0.8455218806656928,0.8635569924346533,0.7962851615795076,0.031758924417179146,0.04925780824143733,0.2984454674824031,0.5063631181562406,0.32117357058322094,0.4452961894215352,0.3081579458293552,0.19978025402117444,0.8937878709926803,0.7507111157414936,0.8344471187798765,0.8047651854881983,0.7660425699547122,0.7237088282999036,0.8601499484905657,0.6876515015621687,0.5366310726763928,0.4140261231581504,0.6612878619811153,0.2839014162084894,0.4579838598457063,0.7494931254814541,0.5363563085296643,0.25569398653082215,0.07615567142437818,0.7708296804635772,0.5104653867450473,0.4183241293409484,0.1340403042400326,0.70289017750784
0.5323729695059456,0.6487903910412822,0.4633929748963479,0.8161280571150816,0.869383566677951,0.7530526965051529,0.010438349368358524,0.035702273148697505,0.2818402723904254,0.49654724801136435,0.2975585949187318,0.41935340437462326,0.2890772599047293,0.18917630268148194,0.9655436105221915,0.692488772014247,0.8865029206609474,0.8659169500360957,0.77740351804278,0.7267919149410812,0.8821500558392592,0.6451174589694517,0.5647457025332112,0.43960737438582886,0.7166377569112227,0.29352987900415584,0.5344560180323757,0.7030480092676289,0.2685001763643682,0.5655329181478537,0.10838038499902913,0.7717320786293924,0.38009276796273544,0.4676062267322578,0.18430578914298754,0.709018753967755
0.5625147509185408,0.6343471254759042,0.4469419556242502,0.8127441888913872,0.8059998224618946,0.8073659074714133,0.0013368190037432726,0.018656843232363274,0.27986904640672305,0.4852051055713805,0.310290892250927,0.4167254743511955,0.2752853845108814,0.1840300847655263,0.9257899877411337,0.6936151977771494,0.8589119497241406,0.8396389074560643,0.7777496582482439,0.7134345261717958,0.921450623680968,0.49020099959946556,0.5474135836911472,0.420239058082402,0.6841397243491243,0.33008422475480637,0.6089319082482214,0.7841586402345193,0.38739659575387314,0.40846754707251276,0.13646887396739832,0.7488773509062376,0.29403523211867877,0.5818043425996829,0.2272459638940546,0.6980764096181864
0.5844553587302663,0.6718263090351708,0.43321271973106934,0.8382046192481264,0.8186244019275143,0.7435077750428092,0.007763409547162592,0.016451141763180965,0.28114841232083,0.48134021834957147,0.3105958247786367,0.4141820043379105,0.2802889750417733,0.18259914561920537,0.9297816342282671,0.6919185785037857,0.8601397707432012,0.8377851149734028,0.7647267106492481,0.6825080546155186,0.8671050302937013,0.6359481957581883,0.5430976082849346,0.41690916110733955,0.6913726823081849,0.3208379623446862,0.6026988805180874,0.7993966775401624,0.4138363630572205,0.421639265698078,0.14450858663271532,0.7543421958244015,0.42415796321762744,0.41564748846530336,0.22054108211121212,0.6933352749448277
0.57544306861817,0.7093218027863231,0.44765139668350373,0.809097959538775,0.8466824852689411,0.66902630031487,0.010864195808605703,0.017946781346562357,0.2827991798270819,0.4797429448085476,0.3077974119381902,0.41488958608978405,0.27329118783809697,0.17950339341056487,0.8741156498292493,0.7232556748637597,0.8204569331618599,0.7865002231442979,0.7363355205927049,0.6417348769908215,0.7963787051835276,0.6115382976032115,0.5194055004624719,0.4027792821432481,0.7210170222776107,0.30958686321745105,0.6163416705892024,0.8043253029529833,0.4098553102222337,0.29818810598423473,0.1507398005248468,0.7675390075346833,0.5593420423551445,0.391101035332667,0.2133934253478999,0.6763659964259512
0.5979944942614273,0.7049631271591439,0.497498115994494,0.7752491523365818,0.7812625435302569,0.7641458225419214,0.022840720886203758,0.027828953257182154,0.27724163315621253,0.4765303011629841,0.27216429735868525,0.41699821066439,0.2906623592170307,0.18578534746377146,0.7921253622791578,0.7218328917326109,0.7379239651336011,0.6766383472169928,0.6675813646330913,0.5491048139155077,0.7266865557473702,0.5923272409630718,0.477139908388987,0.37791515210092086,0.7035083340625958,0.24519087774499393,0.6060193514846914,0.7707548741555162,0.4855103324941257,0.2276548359507241,0.15077332300061935,0.7707316494830632,0.276796024836787,0.5621897946472599,0.18044082374524856,0.65515732952241
0.6614921954736089,0.5814741211366017,0.5365429481742843,0.6853845567286942,0.7822432451171845,0.7244373736014836,0.03153143225525523,0.03987358064371116,0.2606471812952511,0.45768069543114476,0.22647960254228366,0.44140365183088,0.3810082577559707,0.2609861638071104,0.7433813579158487,0.6480766929289774,0.6716199639857342,0.5830562286083785,0.6181418771516269,0.4863854377820501,0.6902441575609382,0.5857502030611246,0.4533030219030253,0.36611400220699974,0.6613663223175306,0.25855313943543345,0.5694142888851546,0.7638962374157043,0.3963835660986909,0.46568942000282165,0.14086167626876694,0.7766752051946492,0.4349916717566837,0.5000190580586473,0.1484274584122362,0.6387088563555199
0.5366379561227198,0.7988012970106915,0.37554528927265346,0.8348703411175253,0.784650915963868,0.6574839403453692,0.053892715906660615,0.05059971319500006,0.25235644797778806,0.44736041181159614,0.21179586647058657,0.46573112132957506,0.40909225542208255,0.2949107340767617,0.7104726306356061,0.5077567479392422,0.5841954588259859,0.4505483140732588,0.5632200885617863,0.4280243279781692,0.6091481630225133,0.5948836317370676,0.4509894368613109,0.37100823233153823,0.6416330531433415,0.22535379393179966,0.4740507340750261,0.7236125181560498,0.4066025955929073,0.41291598704921195,0.12166198638244441,0.8005530164022724,0.3664745834333501,0.6018896255424144,0.11125195826520018,0.6250063197006269
0.669703881933218,0.6065529656072258,0.4569165902042486,0.7262117020362845,0.7496489813726492,0.7290339903499584,0.07611237848725155,0.06376430138241174,0.250041411691592,0.43960290893207127,0.20875008040985427,0.4712267605678342,0.4313528532428056,0.31470931075980024,0.6903970221929004,0.3514528296463831,0.48395382428444234,0.3025340965593406,0.541766044334166,0.39280232443417257,0.5893047481084892,0.547248323217476,0.42778467702303935,0.35048105116750217,0.6524867107437214,0.24111628241660948,0.505279961110596,0.7499826366140746,0.4405977153195051,0.4362805981180691,0.19039189326866612,0.8073404327914346,0.2235845540061708,0.7317740340348127,0.18556213125397958,0.6253341505803531
0.624913402484606,0.7170849862953268,0.45073002027940356,0.7653618286881323,0.7549968835820188,0.7710503848571566,0.09884522227720383,0.08194282558125465,0.25545075337122286,0.4414943921720874,0.2249675495064214,0.46826911030245344,0.41411805459162787,0.29103864790615863,0.6832053639522805,0.3039760655972404,0.458135031154017,0.2681180319461392,0.5596540206205575,0.42128772161781725,0.5749892325482601,0.5472490885280279,0.45342806322511653,0.3728933294904495,0.6219368249899331,0.26846079581603466,0.5388582457708279,0.6531003794999157,0.707071433004834,0.2563335666659035,0.21260317291529712,0.7880663480543515,0.5696730410130361,0.488858282998331,0.2068618052806858,0.6128537451476919
0.6252120956195109,0.7863021964356243,0.4399897733780388,0.805449005063086,0.7874171613008325,0.6912142315951809,0.09497427146715881,0.07921998391967716,0.25622648070983733,0.4383562708651384,0.23055665954791654,0.4725211391269722,0.4042472212790168,0.2795057108425537,0.6884814365041962,0.3040525255026566,0.46613368709897723,0.2772516750402131,0.5762040855537626,0.4249348448060317,0.5613196014551748,0.6604665651651768,0.4671284344512477,0.3851772132680886,0.6340288979683528,0.28336535753182335,0.5090377730194566,0.6773799143575806,0.5326033814111774,0.29469712140484067,0.2088496948294684,0.7888303537679682,0.3436753028144856,0.587924346467879,0.1937983399380013,0.6108499074763185
0.697042851825135,0.6710601304546462,0.49209774877182777,0.7495741420443399,0.7543979868564891,0.7590534141753207,0.10198202431198478,0.08457888056780555,0.25980607104372505,0.44361223069437417,0.23602650797362162,0.4783287667736197,0.41922159285459715,0.2940902731152742,0.6920820928692107,0.3013223599987385,0.45708830684839036,0.26220337949117517,0.5847793732173145,0.42752747941440006,0.6377428126205812,0.4675861147079279,0.4658768661498238,0.3898969197712472,0.6529468949890809,0.2908351830754988,0.4941008612139346,0.6374724192230465,0.601347164070164,0.3068477771970318,0.2079454701701901,0.7946234222314996,0.3805343661270619,0.5153870022565005,0.18257594437929303,0.5905127677237693
0.5800063432426096,0.7797415855100783,0.42439549642865215,0.7964946584342999,0.7503816848754761,0.7095048000089401,0.10815490977454967,0.08799587847015627,0.26672931860063936,0.4480151518149522,0.2461181386072558,0.4743996905471939,0.41253576009627446,0.28330730771114865,0.6704369307957736,0.26987650874649244,0.42548042633809235,0.22022422858011356,0.5890850530522809,0.43201873517808376,0.5748856253107275,0.5597403260758318,0.4638032145987291,0.38793598044567834,0.6358257102465156,0.2967579856931496,0.46911444930433904,0.5696857106895515,0.4164332244131983,0.5018978161657829,0.1821844871500643,0.7971750886439696,0.5393957474717783,0.47353779796610795,0.1526367223830693,0.5796089267382831
0.7617491759567552,0.5832365581982564,0.5583587080552042,0.6768364385146202,0.7364678949362925,0.7618946376256364,0.11792562289114983,0.10046135822758434,0.2769311390594062,0.45925767058379885,0.2699346351267039,0.4672912629297643,0.4066930257734868,0.2820283315260506,0.6373079119193261,0.23541816556070042,0.36927955408412405,0.15741882007026248,0.5973954868133666,0.4323331461425788,0.5700499221915365,0.569827013697253,0.46752086793905123,0.39747412798082404,0.6326734728438144,0.2962120906829552,0.3946519908455693,0.5498484975990071,0.3428891791692035,0.597582150061105,0.17281782705030396,0.8005279736987201,0.33142989032757664,0.665187546688627,0.11785996098344176,0.564306112721984
0.6067750302698941,0.7225751159193162,0.4530308693764168,0.7567511889801342,0.7859018297400281,0.6854337713071097,0.13150628328442865,0.10852714296228311,0.2798633002688866,0.4667380653118584,0.2694858313120832,0.4632427479035979,0.41006737115375547,0.2879397443597858,0.6292395211848915,0.22389073539163806,0.35505687858607504,0.14880589963888885,0.602973333864832,0.46089516903113076,0.5988818448194151,0.4894840626636631,0.48705902213654106,0.4176242875312406,0.5872440860124577,0.31444941228499934,0.3135809213929064,0.5480697121818885,0.43515314523852133,0.5020278367644204,0.15523581288681054,0.7900932469164839,0.09781466557516322,0.7806178820587641,0.08298445937951976,0.5566462412608455
0.6591271244098734,0.6419748650816601,0.5010983577273014,0.7022673397944483,0.7419378824724917,0.7675491937037588,0.14687213670170457,0.12195076919548764,0.28731053429661557,0.4724027718343778,0.2813762292970186,0.42190716023109776,0.4045416129938092,0.3111467095006737,0.6089472569193928,0.22411377836089438,0.33654041597080747,0.13627538487661545,0.6195911297073373,0.4695755935219469,0.6526248759221849,0.3818628383370119,0.4996889636845271,0.43460429078848595,0.5716366808439906,0.35427905992160724,0.31835137491448495,0.5894723262557564,0.49560147522879844,0.6339353198140014,0.22120940029962877,0.7915748310063888,0.6116383630171036,0.545514648152583,0.15173289379490973,0.5490512782920034
0.6581338073519508,0.638495711998899,0.5013917323862929,0.7327188770881933,0.7974733210402085,0.7483592694391653,0.17038725005572591,0.14941648573821198,0.31323429049801976,0.4916607996321094,0.2993303542594963,0.4251002786086219,0.3963453440985428,0.31272968343378427,0.5737532696132683,0.19303850470494363,0.2975270060416086,0.11034266077155336,0.6269146391002427,0.4549838394468045,0.6203035074186679,0.4181455394147526,0.5098871284857864,0.446705706560264,0.6350597382215855,0.3402843087495808,0.3725245068363877,0.46310803715304893,0.4328847182523087,0.45973460379405245,0.21011889607870632,0.774425815496729,0.6651034829441916,0.46544899354260705,0.14023840065862983,0.5284073160844187
0.6831183094064069,0.5571498195513337,0.4709704149580033,0.7789713494427919,0.801217649479908,0.7518604132176334,0.17469381858843502,0.16081470925926236,0.32596169657762775,0.5023134775089613,0.304994287735901,0.4298715577164677,0.38168892597627424,0.31104479133541885,0.5495545194322717,0.17239421422754408,0.2785196276100962,0.10280300672140985,0.6263715907524164,0.4594104269775634,0.6211638162283992,0.4143784804134374,0.5196316588341652,0.4611046103151503,0.6240630605533063,0.3542761895587665,0.3274401154416502,0.49067623133515176,0.4814043697086178,0.4528565952606401,0.21410288753093987,0.7678181163466439,0.4978277890394011,0.5667939466948188,0.13240930831190764,0.5233124113910751
0.63524426910935,0.5834451518885273,0.46802815627196515,0.8043774593977794,0.8188225311797812,0.7476078318887567,0.1877500061864219,0.18640059151731825,0.3480097128328147,0.5200237425454622,0.3012085236748717,0.43851755688672983,0.39164573068856556,0.32742157454027365,0.5295898976997034,0.16251114791541582,0.25411218696937043,0.09315960431206682,0.627002715186743,0.4623909777026538,0.6302725572784148,0.37819325859521674,0.535919816243342,0.4773885000898654,0.5974421706624523,0.39768062832632856,0.29669340365629004,0.4389300000740048,0.599027243039575,0.3678537167615907,0.2022760538457078,0.7538642681470449,0.8867234485413648,0.22435384082541818,0.10403172357783996,0.506729223143409
0.6671351336214689,0.4780918903104185,0.5519478023031269,0.713433980037028,0.829238735643624,0.77922009888497,0.19936804817044848,0.20902984166676272,0.37973207467073333,0.5491538244130234,0.32392480915197747,0.47049315598288666,0.39428339127124157,0.3440625219938893,0.4952273285848084,0.14483058951303107,0.22239776292584834,0.06616666054919207,0.622758916555409,0.4633881700383813,0.5616375407764874,0.49457734311923324,0.5417255773785183,0.4833247452786801,0.607980276037255,0.4301118106787936,0.2512558421384266,0.4324120595491628,0.5455196339650553,0.510584297555598,0.18603338116093693,0.743895475976286,0.5214529639097983,0.5289846680494543,0.07563903713935816,0.5061609439334905
0.5519963793741547,0.5849347976584667,0.48522250726734695,0.7789721322501867,0.8352281625035389,0.7895311802091969,0.1979138217186881,0.21416779468493521,0.39453482331209555,0.5681914628216582,0.34163309387515306,0.465713473646336,0.38483670025622024,0.33045534686524425,0.48290844054344906,0.1294872563934254,0.2158158022891577,0.06418716876930614,0.6105956320106565,0.4660588460146065,0.5188894673953504,0.5474623581602605,0.5475983997212015,0.49281930743098534,0.5449641996286266,0.48951453367897096,0.20531633371551364,0.4209657014101991,0.6447616691047593,0.24021470476016638,0.16385877684900235,0.7234305524839326,0.3204871353323105,0.6227133145677743,0.047529850329681766,0.5025759539269049
0.5235934583041982,0.5401534042373599,0.48896391609822504,0.7586081265699561,0.8468751090657075,0.7545339179239969,0.19195213642521214,0.2156568053511502,0.40048266482050177,0.5736757977449715,0.35337448315418607,0.4621820835728588,0.35946280672184266,0.3220702077306457,0.46786629488648934,0.11527011395744385,0.19970615713328338,0.045946015834717524,0.6128618291982267,0.4711831878681069,0.5325192693130698,0.5969631783736264,0.5651800347134881,0.5085001033270286,0.6350198557295397,0.4497687807817354,0.23157107822795392,0.3937884277585691,0.33441287721423735,0.7599005013734939,0.20047092424381074,0.7267830519004499,0.7342478088257496,0.28161264256213414,0.10314155931890201,0.5235387622295036
0.5600922043497198,0.5195133309093264,0.4333503685768928,0.7795938966152445,0.8133832192985809,0.6826571692063268,0.1687983929056759,0.19973822349392892,0.3940893348133254,0.5622645340653687,0.37279405656320175,0.4423737264448433,0.33534410688107263,0.30133343057024303,0.45759088920199925,0.11333917490354417,0.18943491246491073,0.03882420333521097,0.5911840115145784,0.4535795490383939,0.5037706631536513,0.6552793352449127,0.5648976176977827,0.5068455717129298,0.6388986875653798,0.47827859688356145,0.27170837985481633,0.4176382018687511,0.19384571317325539,0.9940055809823669,0.22560393624711073,0.7004153564862073,0.4811465434283218,0.49878297515848424,0.12893282837005293,0.5217875047337637
0.5731569715829824,0.4918888876847177,0.44071217741276364,0.7409648654529234,0.8051483236523421,0.5930744682350991,0.13228401153229274,0.17405187594074653,0.38130709853926137,0.543706895227755,0.3685438383530087,0.4377361668957747,0.3313653806583339,0.2859878788965086,0.4672931173037545,0.11149444927801827,0.18867524655829054,0.0339032635735102,0.5987368244377259,0.4521209678643471,0.5726794294190781,0.46939808095912416,0.5672540073158415,0.5036707528844862,0.632275995863291,0.45713413089776256,0.27081908672900223,0.35186129628991614,0.7024782335094795,0.4181377833048504,0.21789087888079062,0.712589758397932,0.40145639547641165,0.4788489067952948,0.12113346053284624,0.5331915666863094
0.5357127943259009,0.5836344272514575,0.4563226544480936,0.7331417584998087,0.7309129478045472,0.7088989350064825,0.11732640117773335,0.16415577584565075,0.37784112207301435,0.5397211188934459,0.35730808382055307,0.4320490206658928,0.3201382043293232,0.2725126124721286,0.4755451008084437,0.10881600125049995,0.21005631583935586,0.04628241351749024,0.6222930489441503,0.47014954348315124,0.6052412104755283,0.4543937725467271,0.5775549606098918,0.5053194849383349,0.6446000206425,0.4738928597127088,0.24327521623064963,0.3797588332881776,0.6159175434790798,0.31701707801396567,0.2176503210633573,0.7021014279470089,0.5012705733239954,0.49983373683235494,0.11541030875205305,0.5369346605785893
0.5393591183146662,0.6246598440099931,0.4169364717969602,0.7783056229294927,0.7257938986950575,0.7212763994345115,0.09904859168868502,0.14946157894321793,0.37017251352800296,0.5330752058560292,0.34992504835965305,0.42429708102876873,0.311340053375514,0.25329199075190045,0.5024916964759686,0.12465489707766703,0.24528732404147313,0.07466837642186602,0.6128323806572388,0.4890965025866175,0.5938766580178476,0.5362385879584699,0.5758271863610989,0.4960174558182932,0.678979350227716,0.45404549359576796,0.22609186381856827,0.34778238557541663,0.48606051845962184,0.3388737941789429,0.18722748815960838,0.6915023105581984,0.23255032547023163,0.6784388074921741,0.09575480507418876,0.5447006929185717
0.5494447313643147,0.5879124240325742,0.36810704719553033,0.7313348496964837,0.6358605170048512,0.6689718354676246,0.059606505447876934,0.10910750539711295,0.35304458878396316,0.5107874073511348,0.3739971571497125,0.3109701744635472,0.24268110193955983,0.19663600632810424,0.5485362663830353,0.2132344720193665,0.32929542750509366,0.16022910369900767,0.6149616826761897,0.4817443910214425,0.6382648308419733,0.4814080234062422,0.5864916129843291,0.4907990921984649,0.6789221307177682,0.4434721824400647,0.23491327385444782,0.3072427842641342,0.4550478201982139,0.4556065773761603,0.12073679755041467,0.6592513509471797,0.2631252265386893,0.5781356280706574,0.052016028988850604,0.5341999507408166
0.5836610220546091,0.5300701398649053,0.3152583232536271,0.6068168934923983,0.5167717670140022,0.6155005311948624,0.03868705764765368,0.06054578458492477,0.3354603353931447,0.46242638221173915,0.3419130559254073,0.16146480378486827,0.14485405469628349,0.13695292690414224,0.5065416608587981,0.2733653793529439,0.33144019922560475,0.17688515791563397,0.5591259972113563,0.4291938791620993,0.5970148933332289,0.3887116796337872,0.5601539218779089,0.48452206776681195,0.6181498001165103,0.43732222583591523,0.1933734671249452,0.3550480262352146,0.6679719226786572,0.19574337055048238,0.09053756982747285,0.6165143943443094,0.2978332032531335,0.5905689219631804,0.016449609939355903,0.5237612896101136
0.5290786134675747,0.5650027200217752,0.25731293185873527,0.5386282240784706,0.44295099692638396,0.5584606488078432,0.0066512332354724535,0.016517897579010787,0.3441819204051806,0.4495754546937727,0.2968817084871105,0.06307063610159847,0.11401188555778385,0.10415270180831349,0.5327849002598323,0.3204350441186717,0.3737299858700993,0.25161770261946814,0.6127708091362252,0.48787761621980835,0.5840401877206393,0.545997365701634,0.6181643114671086,0.5346271541735215,0.6491505656100561,0.43128765489181853,0.26556228476548643,0.3002287833119265,0.47232098251975557,0.3320966311874643,0.14078616118684084,0.5735084491440281,0.44039115709716997,0.5414824256175137,0.10917347278995204,0.537514715390325
0.5091695661710636,0.5966396274744825,0.13721308612383842,0.5334609447479763,0.4050514968369949,0.47224353627718996,0.0,0.0,0.3695329367929074,0.4464672552612261,0.2332510023509788,0.06899086411566857,0.048177501035378434,0.07055127105578701,0.5300436744103846,0.3393535170612661,0.37464526683485994,0.30111403020299293,0.641981882177656,0.5172306486990845,0.5869566116870292,0.49993885051973624,0.6311848503882356,0.556178491380486,0.6728091898516345,0.4431613413514745,0.32416548944269175,0.2957246273249091,0.5434096637222396,0.42414659928881593,0.14730847841834743,0.5323273562751248,0.3474311012868692,0.4736278603604439,0.13373483475336667,0.5762980130558503
0.4013366098573284,0.5320390940736404,0.05894951073835575,0.4777500030883929,0.5432320054609756,0.5203835605351477,0.12319847973593434,0.09400150800821794,0.46023350929103457,0.49959692370485914,0.19917010228211596,0.09888273172914863,0.12577363368774164,0.22161827443135074,0.6045481359001663,0.5463926968030446,0.4646126752537628,0.4577680366891913,0.7783053720697536,0.7454376121948958,0.7217612557769602,0.46703155848245875,0.6977710168014466,0.6340810331808433,0.6354058745091914,0.5168820768845196,0.23383570433392717,0.2035293662672833,0.3904135805519573,0.3741102964813748,0.1489449486025462,0.5317700902928179,0.3890039054038905,0.3787153361482334,0.14758857802450684,0.6277169829996762
0.24827309100579437,0.3973440600639886,0.07751265489726333,0.4187291555494287,0.6106904219148742,0.6726352678143722,0.1869042456094314,0.16025787081338105,0.5724161725892716,0.5669035735872907,0.1711118126190086,0.09676527968490944,0.24486726285021776,0.4243493896081062,0.6414340218613437,0.6515997115665911,0.5740844800087483,0.5976936634556538,0.8672524757056634,0.8677811201672342,0.7812110928118305,0.6045720821171661,0.7635942019304633,0.6897724925417635,0.7522423780298625,0.535424515535478,0.18805060490726114,0.15542885390808825,0.4185627670513747,0.4139887863302577,0.1248149021445441,0.5151254848929412,0.6592801862205098,0.28352794512392077,0.14131443423374926,0.6343579649924462
0.1580913674495607,0.3253034900095545,0.14490863607891274,0.39820832264635214,0.7331818580532111,0.6142767308833545,0.25247682344457434,0.2711697090838515,0.6706383593680358,0.6509273228345629,0.17636113281240634,0.22079693503897962,0.3353748390746886,0.5146815271950842,0.6647957863623346,0.6851542754782147,0.59464395520617,0.617028303201496,0.8905510892367153,0.8857903548379904,0.7914752106549037,0.6497759784173737,0.7785867713658283,0.7048596036192123,0.7909387177338263,0.5583094638455757,0.1167698807482011,0.15002863043554082,0.4414382425660937,0.26713750899891237,0.11396458115481739,0.5148906143627787,0.3892800944135421,0.4130874235633146,0.12090426779984098,0.6266160901722337
0.18521948405824742,0.2634548518090278,0.22343577731962128,0.37349384321271917,0.6250646141779804,0.6350315443128638,0.21245998186377477,0.25056641260711254,0.6761955610700653,0.6652249710859198,0.18009347466771863,0.20761659728738124,0.3495800418522597,0.5253645862065688,0.6732910662502866,0.6651568219951112,0.6233192621505338,0.6542868029209687,0.874357811911199,0.8818646323388387,0.8572949004613151,0.5134831858126246,0.7932998745003967,0.7158451905118863,0.7756192764985261,0.589382837454018,0.08587049397720364,0.14398602970801788,0.42170575264979543,0.3428669355914961,0.0894241620795444,0.5153678952304962,0.3356889671748885,0.37863786201787664,0.09617260626104457,0.6246809314662481
0.24081070920995234,0.1639282182858109,0.25348729076619136,0.3323321485728385,0.6866644491173288,0.6287799716238794,0.24937936080750955,0.27662571403096314,0.6758857181406941,0.6658846397910086,0.21161137146173525,0.20998507435535002,0.3998717123077503,0.563967674298498,0.7455754168434784,0.7238072665217725,0.7163493774378569,0.7584689020312376,0.928534841522892,0.9308181284214869,0.871236565046198,0.6649242659891781,0.7944388573743988,0.7037236846010065,0.8585759038512208,0.571802785477824,0.13705861641029843,0.18473166959533927,0.17333156802043267,0.36543319875469815,0.11277978887993706,0.522412139008032,0.3221929768620729,0.3744000455093974,0.15538625749117038,0.6254454379416386
0.19428330922496295,0.30268345033031707,0.14375494614409945,0.3821558176096228,0.5952835279830904,0.5550764265539557,0.2110224470915428,0.22861237156602918,0.64229350739154,0.6280770734529709,0.2179433730212207,0.09840240157514657,0.5231733033911036,0.6524722850563975,0.7541894130486775,0.8273082065346133,0.7955578602406177,0.8663672753168592,0.9096847496390855,0.8848747633502743,0.8536304109820123,0.7084896304973104,0.8146469879101326,0.7421961791530853,0.8943010587271373,0.48051092407596774,0.2188635514899663,0.195928628718614,0.345821737464981,0.17035397124037752,0.16850690259358603,0.5545660063369476,0.42840535686014963,0.2500005068580886,0.18878255199388438,0.6022353793709321
0.2829808232209584,0.3224736995030972,0.1272631845922091,0.42619956788471053,0.5084435031361489,0.4986312266520351,0.20452287928010504,0.2087891723944753,0.6227190989024021,0.6107960291518485,0.25313519692212144,0.05440769753015706,0.5663032616343825,0.6826630687607345,0.9090528340769913,0.8648728741898299,0.9098338595515609,0.9990785700904833,1.0,1.0,0.9844612278545948,0.6405499124395763,0.9005182964499606,0.8467301803212981,0.8795828679062263,0.5217598458176482,0.13475003265800445,0.1718854082735078,0.3112977950317184,0.22521520459684502,0.18976498032611916,0.5762995052926582,0.5273556882702107,0.21845866416563808,0.18295889032439788,0.5921936953128989
0.31852386337725114,0.25817901811847715,0.19934202831825137,0.33270157678624274,0.4468804251209888,0.5268068480724112,0.22769424564903334,0.21694748802311678,0.5998929618651153,0.5815716406917378,0.32712405932073585,0.022103716465229684,0.609249100999877,0.7055764948243597,0.9236051589836505,1.0,0.9999999999999999,1.0,0.9948703439252173,0.9538223132584809,0.9347196401070881,0.6906475064721808,0.960823320059863,0.9133466891855416,1.0,0.5502118703429035,0.14984201872652347,0.1840725947228054,0.2278359143930014,0.1845809153003131,0.17840082394402307,0.6074422121022643,0.39402781397691367,0.29165257930539423,0.17453864714607542,0.5600380264587477
0.3930774954382152,0.3381636180788691,0.2002085661744855,0.3007764332079227,0.3827427782003717,0.45439131644474573,0.24684685437500575,0.2458447381556814,0.5611275630010185,0.5402671757581226,0.37454371024567157,0.0,0.7137133987128546,0.709186391080268,0.8559777373334707,0.8824718234206856,0.9657507789386803,0.9611571356445666,0.8211436286169796,0.7307548008282988,0.8043602864668641,0.5817456359967307,0.8760274045913254,0.8252969028497553,0.9358440801844856,0.5598290412967389,0.2947823412883663,0.3348673820172511,0.28480822381427373,0.13659894577261694,0.1598730022743829,0.6183374179098844,0.23170043192283576,0.3378898173068864,0.14090600525179334,0.5188538526986649
0.4320684536581912,0.3691417668888815,0.257135904622357,0.3148123780046914,0.28941358430191344,0.24041522546267252,0.2318208779317367,0.25415680676212543,0.5134107598527667,0.5033190261122127,0.18224605005841593,0.2470825318233747,0.7003649028244012,0.616250571336989,0.6237739529723422,0.6678906741689854,0.8073762531491232,0.7720775241292309,0.525801006646843,0.4376421630256072,0.5717620650675505,0.4915562687727418,0.7909385356466818,0.7732024200137715,0.8921320922306596,0.5133167974492202,0.3820848298587888,0.46033053960183845,0.2362661597356675,0.14179821758315705,0.14784547287366012,0.6759512893643828,0.2637592576677285,0.23857265835354605,0.0787189975479719,0.43303544648540443
0.6524567365251904,0.5093483542783639,0.29829113438414345,0.2840027948457899,0.0,0.13711870004432858,0.28911276770155836,0.30725565839674585,0.3998034392577118,0.3672266748235417,0.29250335271173256,0.4445341034924249,0.6267342547741346,0.5162515808438168,0.6617326977873803,0.6364660275821266,0.8700237589469955,0.8587600483280651,0.4556142400017606,0.3897605282549642,0.6495741085476328,0.2963470650778799,0.7938193183803074,0.7863566411689682,0.8264007499957012,0.5309410790216874,0.45934379681346643,0.5900203893633,0.26683102048640917,0.17913365628978953,0.20329550811958885,0.6994549169606896,0.11250235464963443,0.2946276863063613,0.12991336062357237,0.4153175183748423
0.7067880568889576,0.5679168014647078,0.4312652203316311,0.3270550473001068,0.04635085745358658,0.13657539467954172,0.4214312030317406,0.43060475740681764,0.40307856712647416,0.35234576592449784,0.43414862084492556,0.7228792762546102,0.6221134709479051,0.5060453213446305,0.697343280083932,0.6659992733228194,0.9076374346365209,0.8980055345283339,0.4101992672577557,0.3932180798305773,0.5859617298164669,0.36797951807440266,0.7904098205786433,0.7961474002109574,0.8451450205769144,0.5242918581218565,0.5301884237754626,0.6165385163297948,0.2372914420194652,0.16949280199902877,0.22307114869012068,0.729078845071578,0.3158340032032487,0.2417216117871452,0.14922385560112172,0.4179934503623316
0.7427587543996881,0.5096688948652227,0.5642143397591969,0.3274511502068225,0.17258583493387214,0.1314941914330376,0.4555192147140666,0.4606224767932092,0.43550500970812617,0.3928089412515442,0.4946250246094839,0.7690744139857075,0.5732800196522045,0.45728727114043216,0.6290950232646256,0.6006995107583112,0.8379024092179921,0.8161979330918852,0.3381806447197847,0.36450497438545765,0.5425232060652814,0.31553448115337007,0.758144897217139,0.77606279037899,0.7952394056170806,0.5196493133399022,0.5126411918085914,0.6238187221505024,0.10411026464041301,0.3502023947111606,0.2307699957812147,0.7386093672607136,0.36723813144445705,0.2562899078091575,0.1383265563280508,0.41283603331532004
0.6761078749503021,0.5565029865349909,0.6007660079350297,0.30645457688328287,0.16015169808210017,0.25428392798261445,0.4960585948561902,0.49791329838554116,0.4502118483663209,0.4169414675128347,0.5095771365910025,0.7756234209463824,0.6370880672273168,0.5161780994314215,0.5313510076067294,0.5351280593065085,0.7431737680869939,0.7119197390820076,0.298647667471064,0.348692954940824,0.5036199291789121,0.2828400239891644,0.7501482920979344,0.7730338990294492,0.7300055665714443,0.536927936056855,0.4639451745286669,0.6386270032736167,0.2902481923410168,0.16256517501611337,0.22424062754083884,0.7517199897121395,0.43133657771048145,0.19829168901777694,0.11384479646178441,0.4050198935169209
0.7221585271462356,0.5773440318993939,0.6013128674197769,0.26235335403274923,0.18034284480714313,0.16961685058037068,0.5235966067413703,0.5275099078200305,0.4483340215718238,0.4133359481678256,0.5205835650705201,0.8109551144800027,0.6830796560414542,0.5532471483898942,0.42863058009194177,0.45985398449305087,0.6279107365080603,0.5878426674555352,0.21013779732344307,0.2839926945633755,0.45598946600688595,0.2028924385046772,0.6984297055894141,0.7268692603415657,0.7106870984025037,0.49335681987740077,0.4611703137486393,0.6712077282233284,0.32244174409045423,0.1359877693636125,0.20622915096943734,0.7582065827452874,0.5884335481651237,0.1671882546314293,0.08336071702502834,0.404457277618636
0.7000816704330779,0.5651377500072614,0.5247727708879537,0.31646258136625854,0.18961871461856683,0.0848007984982434,0.5223284142884232,0.5235060147273776,0.4504046189675194,0.4110806507378615,0.5253370200826308,0.8237355029290465,0.6747873225679653,0.5529507198339922,0.34185633485183453,0.29978271597009876,0.4769338922918682,0.4010371285326717,0.18415629541469603,0.23988768691303713,0.34996002029937234,0.22914578355353157,0.6691394307133448,0.705201360034231,0.6546961327161109,0.5139126682873421,0.4492648481980703,0.6348326490736087,0.41807727393352795,0.16500711357149261,0.24475483969507655,0.7669887452588849,0.3109436948281097,0.36159761782527167,0.12066413387527714,0.41221603955943403
0.774642110100737,0.5107627519600417,0.5727332804299442,0.2812512014169461,0.18749231851558135,0.13950253156411602,0.5533580452566276,0.5445431120005015,0.48087135378043533,0.4360881561723635,0.5474048323882563,0.834235123373207,0.6916020020704505,0.5668199419397961,0.2870908819437093,0.18455549775750146,0.37801673372194194,0.27025401605601435,0.20429134364503182,0.2164007489643453,0.3626072559775535,0.18950104366014014,0.6621879126370855,0.7049740504982344,0.7038458740043512,0.4835031291040179,0.4812637827801942,0.6061217463394669,0.30799863257304055,0.28255299910311027,0.27659315963593,0.7667639101493441,0.34881658536717564,0.30784188155452574,0.1398236690574313,0.4043005447842085
0.7604310087388364,0.5593401029613518,0.5497174256688947,0.2620403994738527,0.12119886250799805,0.17659511776170916,0.5649229454200847,0.5460420811621556,0.4850074708349078,0.42168043783381914,0.560498964085477,0.8766260576434739,0.6763179877866431,0.5747578288914286,0.28267722662597905,0.17009248590141854,0.34604999972472805,0.24158899408666612,0.18320867411942926,0.19456233402834955,0.3066830232697823,0.27139537108847245,0.635621628364538,0.6775813459037289,0.6509081506145074,0.5394232569174036,0.463297246032582,0.631441108243882,0.26101220509142975,0.27328500166613634,0.2707301088100545,0.7660184372650604,0.12779641084538068,0.40459661294919375,0.12949524400595938,0.42193292600522514
0.8619077515955018,0.4743247694310484,0.5340412671820487,0.2955417855175823,0.19631912493754966,0.07839142042150582,0.5655253986547363,0.5501662474654796,0.4853287774832285,0.42525411017463266,0.5536008071213953,0.888173242415892,0.687756774733121,0.5622613278649814,0.2835785404208647,0.18639685606216433,0.38896086473542363,0.2931747764749177,0.20994619202135167,0.22661187565277352,0.3618405535405497,0.2184245357263188,0.6673783649102767,0.6923598764411867,0.6928399331048369,0.5164834102774084,0.48724965233834505,0.6091351077779071,0.3988935871394157,0.15956940720828175,0.2604221614859722,0.7713514257828749,0.29330402444910114,0.2598527148680809,0.11902988799770425,0.4326105189972566
0.8439209623049189,0.49626533016378455,0.5320748264449608,0.25910933079969556,0.173442221415553,0.12197387743828753,0.5720260135795037,0.5552165294255728,0.4834723203341998,0.4200477010303706,0.5447526459867661,0.9141574038785747,0.7183576312371057,0.5822657039856182,0.2810400506177717,0.17398684224367347,0.3531778897651181,0.24185841995256951,0.1767229708554473,0.1659895860049989,0.33985712132458945,0.15257815195072166,0.6318079358095466,0.6612470489838054,0.6453790449628752,0.5414531826355458,0.44183254940074157,0.6763362859882824,0.29406465502751544,0.16131663393044368,0.24432407132085654,0.7888881639545016,0.3189371883339463,0.2934922401763628,0.09430411296973362,0.43026508578523803
0.6813542588240795,0.750746846391283,0.5157174981380606,0.26043515429819936,0.13665432992628157,0.1379745985187329,0.5687218215670813,0.5574058334777555,0.4771813027691233,0.41357059043544986,0.5580794040441935,0.9317853149357053,0.6959512595882129,0.5533063459931964,0.2822042826481156,0.1705417608553602,0.3350465388811624,0.2195396627853192,0.16812233787625058,0.1756667461150036,0.3011954838726416,0.24005326311961042,0.6263944853538314,0.6626551570244152,0.6619123271131025,0.5513599587727109,0.48692287629001024,0.6384570308338546,0.16342077182665832,0.2288261897836235,0.2856050566106978,0.792777649797248,0.38064869125678047,0.12627255909937746,0.15464803488277504,0.45055671326760044
0.7621998604946354,0.5800276407648732,0.5254579666179295,0.3065614565511825,0.20058119394144425,0.1124999862828453,0.5838505520468207,0.565136464768388,0.4947947115600555,0.4281414107876357,0.5630904823421429,0.9335156528138064,0.6696644748576019,0.5417947054881045,0.2813578136617644,0.1810691000932249,0.36349647479711644,0.26063762925420897,0.23327235299234633,0.21919293560288583,0.3703669759749555,0.21124905848341274,0.6691554932391972,0.6915423626090591,0.7070366751181859,0.5601671181544453,0.5347658172491925,0.6418038946869319,0.2445202238729509,0.16078548654616878,0.3124932120693686,0.7863570529093674,0.21832129782287968,0.2839060623419754,0.18492638480546636,0.45375209235799685
0.8402848008662428,0.48113136078315905,0.5870433008257936,0.29555026170047843,0.24121067962376863,0.16141210027181652,0.6199638009334796,0.5868908385230656,0.5380878353224683,0.46743394088162615,0.5652338976235267,0.9237866796013323,0.6902132609527022,0.5729848852905617,0.26156514914481793,0.1366532902981039,0.29067457187552126,0.1823925174646444,0.16841011212066154,0.15876999581522455,0.29783147337366045,0.23736434824538324,0.6536356255941759,0.6828150649091629,0.6814461659604802,0.6056255147811463,0.5344385923228531,0.6360551747186323,0.23709763318538657,0.09387831319018858,0.3307310006795595,0.7898738720988995,0.3215395695305241,0.061139473665944355,0.1702986348557316,0.45156529159523007
0.7621619038906307,0.5387508282372042,0.5936619833703771,0.25066143848835826,0.2593977236694629,0.14458294248245174,0.6497022025193124,0.6093914784819588,0.5507376114642176,0.47496702898812293,0.5663528166665973,0.932209400130292,0.7171666514208807,0.6137332078366519,0.2547632119876998,0.1270606767919225,0.2809629834519638,0.18747123789712256,0.2107462057381982,0.1979831863791746,0.32683385364339707,0.2426886601609639,0.6867077951248723,0.7124833904761713,0.7259456913597008,0.5702108132358876,0.5241458138960597,0.590416934681339,0.21620364114246463,0.030215879278993107,0.3218307403465287,0.7942073763182944,0.3805772203614861,0.10812625585693852,0.15740082573846412,0.451839936823347
0.7645545582098918,0.5164294121171269,0.5773403833137399,0.23128250396878536,0.27698356590924583,0.17363220757594405,0.6913841634436099,0.6481713516705403,0.5765798747185382,0.4976851584397369,0.5767876218039025,0.9222356594562432,0.7396833933934577,0.6181295743592616,0.25085247095649144,0.14539911208058126,0.2959360411483216,0.21036677343732885,0.2218340572627851,0.21541720734825393,0.3130823577187228,0.25781708240169343,0.6831911634604209,0.7148646695515994,0.6656866282761608,0.6097442941219398,0.49274829940263687,0.6059972853998643,0.15287944941062326,0.11206902824838283,0.3024848638556862,0.7980172885603108,0.2833045453541535,0.06601599625505095,0.13798206180396236,0.4549808617280145
0.7241535507309803,0.5174545173833677,0.5434864292320785,0.2785920408023691,0.29965002935823853,0.1464014296998739,0.691332590839063,0.6483351668231867,0.581201155853243,0.5041977409420605,0.5750494081387856,0.913837093302871,0.7161670600830788,0.6144539911139505,0.24946518794761313,0.14680284016491246,0.3022057676781919,0.2212572873300611,0.23406448950796604,0.22883891602809575,0.31849796522664,0.2864507596881247,0.691060449215855,0.7152913144341134,0.6684832277061513,0.6135176560898171,0.5081366474096942,0.5390316591189881,0.13783152537635562,0.05712897936675165,0.2996200355287519,0.7876021969290051,0.19342115067869664,0.1249995380910901,0.15889484299395573,0.4692721422956871
0.767693709573588,0.4488836875688719,0.6531726233998768,0.19344485508260983,0.3405702617282933,0.16627462616349814,0.6964764132551816,0.654699293358862,0.5966164598538578,0.5207672863116504,0.5847126462094051,0.8803664027687915,0.7064991280009534,0.6199769965688096,0.2571774552168567,0.17649652030229723,0.33156031014446186,0.261949568497588,0.2808696069149452,0.2671860288855233,0.3738252613991008,0.24945522404235287,0.7146132142836776,0.7264616226680563,0.7236985543950901,0.5941619488618466,0.59632264006241,0.5270545098628552,0.15144798803325826,0.07587390991483062,0.35007734898893345,0.7803475832292897,0.22430867906593538,0.0705100979391492,0.22850363765781848,0.47881735689527505
0.7940758500172181,0.4599178546267627,0.6569878033444169,0.26050079360380524,0.3708402632788231,0.1312923718602178,0.69339846144383,0.6588131426622872,0.613960048282657,0.5400254960214845,0.5974452786969265,0.8541128637631352,0.6960834785189813,0.6036048888549992,0.2639713802436314,0.18951484421056483,0.3491911515084273,0.2787588179982966,0.2919230366799438,0.2758398896893782,0.3811751048736819,0.2634906057962953,0.7264337611616061,0.7327447538501366,0.7471236419954559,0.5903607166852463,0.5792153748553577,0.5718729438290988,0.21351202095930125,0.04771385611176704,0.37237156773227426,0.7852778449735194,0.23282590717665028,0.07608960561998551,0.22983282869167146,0.482174090937056
0.7592375787083063,0.4231286991195133,0.6776859948030695,0.22173835981915913,0.3980028260965858,0.1358166903023484,0.6844495535213426,0.657237961252845,0.6202863529309315,0.5489353583409996,0.6142808299823794,0.8517995989024179,0.692152407827534,0.6070124644422802,0.2618483213694507,0.18661693494089843,0.33256638587834275,0.2598406330202719,0.2616587214772236,0.2600783101268119,0.3452901387569255,0.29339833935524506,0.7181096819898293,0.7265827951225532,0.694763555819941,0.6160794760464745,0.5634647479919929,0.576810149726143,0.0,0.18622929877255318,0.3850769671073978,0.7959294123658134,0.32549437382135993,0.0,0.21467757450482647,0.47168400587656095
0.7246964824799815,0.508692386453668,0.7172969951684334,0.21817646070474261,0.3723845205940846,0.19238867280091404,0.6848959098972811,0.6600491144802902,0.6155465074960521,0.5500044881073433,0.6126915508155057,0.8606973098216195,0.7279109652611786,0.6242981155628399,0.2617660357536724,0.17001927451652485,0.30607925299257793,0.22085232115191178,0.24889765826030785,0.23142821301216498,0.3389882088370457,0.2951976037294865,0.6999811274333315,0.7068000111965081,0.695171384358935,0.61542762923669,0.5448140007199178,0.584800390101329,0.23977415295247023,0.0,0.3795680653114372,0.7781789219253354,0.2668309456001527,0.11023883438853471,0.18843308310928902,0.4591533447372404
0.7150956083407601,0.45749062510717353,0.6744456445699402,0.2059629086275217,0.31012047678378124,0.19076567910077352,0.7041266352525517,0.6665814261176639,0.6007951609504801,0.5259163086328333,0.5804375845133083,0.8987325262974715,0.7655686636421095,0.6662893412128417,0.26174670629593927,0.17838195701411225,0.31006154363369065,0.2303653807897313,0.2409154917342709,0.22497159690807883,0.3423269509822043,0.24731411421598437,0.6987828407024552,0.7096323386648327,0.697475604079335,0.5971308031228059,0.5635006425883159,0.49690324246644546,0.15578265991403034,0.21319686895879675,0.3571260010999163,0.7948586058910343,0.22712427017367157,0.3101671157201443,0.16379643263015517,0.4395631715664808
0.6730592744955355,0.5295742924543534,0.5751734180778229,0.288406193191325,0.32846887239099376,0.18485926672894049,0.7089642630513077,0.6718047670101088,0.5986457943026571,0.5277447121520212,0.5802802157529945,0.9039117033761124,0.7888992930992963,0.6779565104071482,0.26381047067226093,0.18231475799840277,0.31872710556253236,0.24237847754253683,0.2589730041987181,0.25166057244928675,0.3461849163088838,0.2588194993612206,0.7059305492403903,0.720430222526743,0.6739946134453106,0.614944449505056,0.4953489477406289,0.5432529699938159,0.14037088268949804,0.3064922400543985,0.32781889221923666,0.7900997431383439,0.28018170904815926,0.32844684714277,0.12764031656885652,0.4364585496346887
0.7397634175590884,0.41894031285340666,0.6738345634852196,0.20740864755600352,0.35331184887057276,0.16707876884128642,0.7211916881037562,0.6797596137814947,0.6000820077586142,0.531524901833997,0.5838316001407319,0.9079957489987758,0.7970139589800169,0.7008768524343206,0.26912575541279765,0.19096785784408163,0.3269365993935073,0.2521112775827814,0.2805499515009185,0.2629550298436322,0.3535853356347117,0.2988075976107619,0.7154243314394338,0.7245642981871719,0.6687780258145016,0.6307630574786158,0.5546157258670874,0.5696959958053384,0.3724330183777654,0.19889381085319996,0.402595482438271,0.7779247421747807,0.4209577838157336,0.283740942138401,0.21257865295484865,0.4351512181520826
0.754249388116375,0.4690859411175126,0.5991386566668094,0.29076430793204566,0.3555394964446331,0.15384529955636506,0.7253725482412047,0.6830358064170263,0.6069970399843563,0.538847644224038,0.5970897345270741,0.8997154453712528,0.7986833403853566,0.7091583857303394,0.27470561739470206,0.19603689735563729,0.3142975075762629,0.23225082266564276,0.2727755116214284,0.26319989273382105,0.36148787423946194,0.27752168597769,0.7142307384296623,0.7235730837994218,0.7141732693241203,0.5984154845256182,0.6141119883929184,0.5065635277258717,0.46695505692307476,0.1382577040725445,0.42560779204726124,0.7701821150888313,0.4129910960000814,0.33559745884041803,0.2254660194759464,0.43363469450451314
0.7581198357630407,0.46204335898070464,0.6484268302073106,0.2558912913212854,0.3639038672440932,0.18363223803994133,0.7251124260334343,0.6859864516327011,0.6099899591354127,0.5455757131573451,0.5950398222886502,0.899824592735496,0.8271153534600502,0.7077877318272714,0.2800624777859889,0.20367161240837017,0.3100566014592644,0.22672339367644967,0.2840216065020774,0.26535551654492234,0.36573500422909355,0.30027977941099393,0.7189766322739772,0.724674321939935,0.6825268842781839,0.6305243004152099,0.5843063700838653,0.5161795302240115,0.37987302735730444,0.1935035512187489,0.42807371246420794,0.7656322107891512,0.38214079404301815,0.40530792395695636,0.21852459627494658,0.435824040642801
0.8267561904987659,0.38835879530565875,0.6706370496677201,0.22226753454929438,0.38582394235939277,0.1556814427068023,0.7322080288169754,0.6881850915181178,0.6102681177694146,0.5414528645355876,0.5906553844026854,0.8943255971871222,0.8068129989767945,0.6997356027683096,0.2795283326767588,0.21022560368673956,0.3371845024729794,0.26027672717722383,0.31296539477755025,0.3112013524924498,0.42255970485946415,0.24517296634934865,0.7429006157705743,0.7468287785597862,0.7329571251019902,0.6203797691090305,0.5594580682046153,0.5284059918981546,0.2731878533187453,0.3219206555229943,0.4088127911435523,0.7711629988920804,0.28967834735512776,0.43987447320863265,0.2063888160478693,0.42820729654404116
0.8169665111737343,0.3723406963406214,0.6406819269471118,0.2411495152661347,0.35487330619375784,0.21900138951420833,0.7168414836537136,0.6818353909968409,0.6057213706247895,0.5433245749787847,0.5984556275015543,0.8872824496699816,0.7888477176694338,0.6924850421697977,0.283933820705345,0.21935700589080565,0.3463549886137079,0.26797145790245713,0.3141610702007902,0.32262304357969385,0.39858622377628394,0.31898069153770325,0.7391236564037204,0.7469235782185915,0.7385610241598854,0.582889830233302,0.5475655205194412,0.4721778302194719,0.4561179035036312,0.18985904965029196,0.39907259815395224,0.7417521975511729,0.40472802117931367,0.29289145358791924,0.1858087918190187,0.4318684195445483
0.7833504483463003,0.3905354322303614,0.6748392089255446,0.19632816355014865,0.36092316829134,0.188908616006002,0.7087811526466753,0.6765127211426903,0.6024134657920155,0.5402992876528445,0.5996774366107048,0.8854059056967452,0.7867808604393227,0.6899186958780081,0.28775162522503356,0.2190540468394189,0.34585579203050887,0.2632418043635204,0.3046371019305259,0.3089682762778867,0.41779094193082345,0.27836812848873516,0.7291091165632315,0.7331254708633844,0.7179488005109845,0.5932697485027186,0.5182642107182976,0.4862752963763444,0.28367298370066074,0.27833884911342444,0.36350341259485597,0.749969514850758,0.4247070662213227,0.327909332122562,0.1576932464309263,0.4228835315756902
0.731137504150251,0.4526967363442874,0.6073073280282975,0.30527698274044207,0.36273984175153723,0.1488794393961974,0.6923100930157846,0.6674079556821799,0.5905279802766311,0.5329582100911985,0.5906614137912327,0.8959585906629681,0.8014019111290458,0.6914892124074871,0.28615258575927244,0.20767640433397497,0.3284728318961879,0.23614918514445868,0.2751552243848981,0.277486142047487,0.3881213206153908,0.2571157707510553,0.7129332398485947,0.7146271251382366,0.7134332448361895,0.5891739603846982,0.5721109427895625,0.4764519186331993,0.3354373386778009,0.2690222549095295,0.4141133412313906,0.7447170966488318,0.29594308118976287,0.4037100775729643,0.22009913146277527,0.43355367836375874
0.7409119104131672,0.46426235316325326,0.6462005730996858,0.24861375612020659,0.3884091126577952,0.1518348481523415,0.7035067246575657,0.6727495082818487,0.5959695600202588,0.5418116059317789,0.590322571315837,0.8962080831263822,0.8258974294841103,0.703038665287443,0.292245919653385,0.21872351097322018,0.32856212345766833,0.236827160065004,0.30501670307816003,0.3008530635743716,0.4005057421056346,0.2551790759752286,0.7314789544171783,0.7345055299486056,0.7497001488610748,0.5906831183136948,0.592399831615406,0.49288229017664775,0.6167273871240746,0.033506958704260126,0.45978456863299155,0.7388410142833424,0.2988111502438955,0.42643396559174856,0.2535105594021099,0.44309625972790545
0.7319639129382247,0.4211671493409569,0.6782442750336922,0.2674059926699815,0.3873283275537295,0.28855921699159276,0.7207931407790877,0.6901979147773528,0.6005065509238305,0.5548857257756799,0.6133244514319919,0.8992012859223738,0.8108794729498641,0.7081903148493152,0.2982862812311679,0.23766534497700645,0.33602687945512416,0.2476634211916834,0.31663102361555656,0.3178507058056622,0.40433229288474265,0.29616045939714414,0.743346766580711,0.7451421019825959,0.7250869874263,0.5979645196167533,0.5603659157665466,0.479771561402888,0.3339418376644908,0.23259110914218428,0.45878860504245966,0.7578649195231907,0.4185694671672427,0.3528817076756102,0.2540114744979852,0.4493749104981155
0.7191862630198355,0.4251035675311882,0.6773473151004681,0.2686427043985151,0.3762871035591977,0.2961131112980411,0.736496572599475,0.6969225116620783,0.6033006821477365,0.5556508373113642,0.6180513485654324,0.9098730062172116,0.8276644156200226,0.7074443077109738,0.30455960815346805,0.2531633185654142,0.33739655200614116,0.251616045064876,0.32724340294674625,0.324712137286012,0.4357575962100717,0.27288030499881777,0.7484202394233426,0.7609600853343859,0.7553830224458328,0.5926747189578262,0.5475163412252797,0.470653161279135,0.21990401192699766,0.3356697899142459,0.4524362725296741,0.7590834645320825,0.3937765915401426,0.3261533653606027,0.23349527843946308,0.4412731800149659
0.7456653126318843,0.38841899369227795,0.6855778739657082,0.28417226526868256,0.4129374325699466,0.23975485278426095,0.7502803375943291,0.7107037159203625,0.6069760945216705,0.5642182893449813,0.6260196434634931,0.937183662570883,0.870973662370967,0.74072966711991,0.302613912908774,0.24070490950525752,0.3160812163737988,0.22087069815456428,0.31107878501488434,0.31185578471672165,0.37010490833870957,0.33033528237219323,0.7423597780516124,0.7516011185320044,0.7050838043950063,0.6212733284697718,0.5211892684559071,0.4517252071721598,0.3690685523161561,0.4121664552983961,0.44377136779232457,0.7545487796882268,0.37381731186258976,0.38737802232165974,0.2581419683086679,0.4652157946328821
0.7093059429767861,0.3954781029832398,0.7723740445316742,0.2856907469152744,0.5452816831961245,0.30353746018342237,0.7829941888146335,0.7513103863528667,0.6040095535169104,0.5865295848761112,0.689096168732509,0.9489380829193721,0.8240783460370306,0.7126331920865197,0.29735236171737534,0.2441170144303471,0.29760619850195014,0.2093512687928497,0.3519774500920768,0.34017393706883237,0.3988691102140778,0.3820368856727386,0.797722747345905,0.8403186357197566,0.7446822298410575,0.6781837961100671,0.41598617883242206,0.41290000648790054,0.3438373078753468,0.23969749463293805,0.5731451861241799,0.7002654475916168,0.45585248047138655,0.4298979877509237,0.5373675551223582,0.6510382582477681
0.6273645739250236,0.40272639083734807,0.8126800460798693,0.3912039139831536,0.6336751153746433,0.23000658321789041,0.8306045584329279,0.7764675300157275,0.604645788245856,0.6038434833641916,0.7156554704454418,0.9436879537758691,0.8175040311295652,0.7000266656004409,0.2748549861350313,0.19617896026165196,0.21655857220961316,0.13239189134190799,0.32748525173420984,0.32368086081293906,0.41212376838955805,0.2566476466337247,0.8072515245407029,0.8633091795346493,0.7189240896421105,0.7072334994677649,0.4058656374202341,0.3913844896519508,0.3512192655127038,0.3008977831137353,0.5462745270587895,0.7270653698072579,0.6014926542126504,0.2574697714843698,0.5794712215038184,0.6755676439601717
0.654182173128093,0.36579131584420554,0.7912932051356019,0.35998798304287044,0.5966072143537369,0.28312703322496635,0.841942534920996,0.7851463316910797,0.6100366759910448,0.6071873914065423,0.7152458796087193,0.9481860597132032,0.8617730518199883,0.73880026722067,0.3096493953531588,0.2572001070751515,0.240566613037139,0.15710663121324703,0.4185573513998082,0.42654656605969804,0.4759877077994239,0.35276006873329646,0.8544301138003612,0.9177996473667276,0.7973387024380703,0.6798354794274948,0.45881320943264503,0.3823962611619103,0.18096328487032373,0.4729040069215642,0.6346897839803246,0.7111945555176015,0.4453701286212848,0.37693465877049637,0.745740940894559,0.7232826661549422
0.595679421062167,0.42420019206851095,0.9327030650473529,0.3617481096869674,0.6982136246219343,0.31384863556517245,0.8364895962028407,0.7985466134373834,0.6471640459366248,0.6569254251524718,0.7736313214104317,0.9283127618066821,0.7890975072930447,0.7193520845723052,0.30601254619089424,0.2576826943433199,0.24711899701847484,0.16873330045247759,0.4077424111901282,0.40695993201717573,0.4682788817730736,0.3491460681745109,0.8460146772673213,0.9072681768749005,0.7758711245729379,0.7471267499634306,0.434183638268826,0.3572319942492531,0.3677561902696391,0.34375076983828357,0.6450238495804467,0.7159025026591646,0.40692064922973303,0.4307540279230316,0.7393850049525403,0.7276111327988777
0.5975589803706258,0.3605761507329734,0.899643315624244,0.4063045533198467,0.7421115073269245,0.35239579393848164,0.8587143632690315,0.820403334008338,0.6651990551814119,0.6812289177426067,0.7856681995933361,0.9217735372355428,0.8237079620864723,0.750456036039492,0.31587498650274315,0.28520499387337955,0.2567340780654234,0.19390077534322347,0.5183900737946477,0.5118608782512625,0.5965782878253245,0.2816733557879859,0.8986801319743827,0.9689125095374024,0.7686677244111453,0.8248808272638344,0.3947039959626956,0.2818429968012963,0.3813224278019868,0.34924770277016676,0.7044000117547206,0.7388502243763819,0.4242498275153832,0.44628967911812056,0.8275825982964842,0.7613629374660116
0.5076870511101117,0.32850308669169875,0.8998447376406553,0.44825138799566794,0.8518429129124376,0.3872189209410067,0.9607651452684955,0.8979531562530498,0.7236003358246648,0.7413073403820658,0.835480757541605,0.9245653039125227,0.8616935201375389,0.7862810320971688,0.30974237534157467,0.3194331747999095,0.2845669417420804,0.2584687271920264,0.5600793740457908,0.547274261270384,0.5780624826551937,0.3097448358658969,0.896673127191713,0.9756397217688672,0.8778836601711858,0.7841180536950781,0.367814119428015,0.18202823254115774,0.3325078644738649,0.3474718279643973,0.6878428743366773,0.7625796904042811,0.3035299844065351,0.5985417567139489,0.7858624602814347,0.728756202569043
0.48412877840333624,0.2535023752864508,0.8970937716857315,0.40968130454173085,0.7776190881078393,0.37310077160277777,0.9824156263432331,0.900970149515991,0.7123300083405109,0.7312050430335795,0.8265350656676489,0.9268418979570866,0.8455723076823056,0.7864296291679745,0.30228480497553556,0.3080324477740477,0.2913625442869924,0.2662720114815066,0.5328684919413706,0.5331546132483822,0.5692817968803049,0.2910148571383172,0.8719481812133212,0.9396099039938213,0.8076166675581109,0.8163224373077524,0.33474529109497475,0.242826125636306,0.37069690538532707,0.3178710983847521,0.5563507314251993,0.7304564200818748,0.31619109454994654,0.531948929126609,0.631460986957429,0.6845381191843687
0.5106227664951509,0.22975546744462078,0.8870392601929014,0.4233925929155676,0.7340367826711804,0.37776761098014555,0.9513229161676786,0.8887124735345648,0.7118176486172323,0.7303726801254712,0.8290792883671081,0.9090621299072366,0.8572784445692931,0.7861710750470259,0.3051044706734434,0.31087816992596584,0.2892635262437495,0.256078835015285,0.516823438942793,0.5186313524267439,0.5463399923325261,0.32434814254639954,0.8529090395957342,0.9242270796977412,0.8070790305239864,0.8076679029936229,0.31015907987433644,0.23277049722790477,0.24829603132504102,0.3265162020205595,0.47562774908341304,0.7032148111797041,0.25354781437363305,0.5440532821751529,0.5349743200235055,0.6645026456650831
0.4300210598572073,0.3287424020275637,0.8069256718089587,0.45004608308792593,0.706344838595537,0.346538379659289,0.9573774610401917,0.8887101188610445,0.7101036157099726,0.7301655373996399,0.8257331371936332,0.9089243559121697,0.8742255344800656,0.811193782222291,0.30483695577818654,0.3115628729595312,0.290607714219258,0.2560621477178161,0.5048796930976407,0.5186948676551528,0.5172247263468986,0.3686020325614707,0.8501499674571927,0.9205176447104866,0.8248129458828419,0.7848002864806876,0.3800528047176707,0.26949098503552193,0.58953849760889,0.110307566448338,0.5090813308793594,0.694300636418963,0.5026660699038974,0.24386018229943487,0.6107549162009316,0.6658483551980743
0.5046593025752996,0.30388927980669234,0.8518289092730577,0.4135723037624224,0.705625150177215,0.2992779705767324,0.9584234417663196,0.8842266420907309,0.7029202400172669,0.7210510055929638,0.8201977382772251,0.908150585515604,0.8695851241106554,0.8038458489890095,0.30754993809308806,0.3153195305729569,0.30844072616147666,0.2800412072168958,0.5224651099690585,0.5231657087298458,0.5523905380547451,0.3048091765131139,0.8633203887063666,0.920598926185396,0.8434055157860467,0.7626978006042444,0.4404960782291519,0.25025661447764913,0.4513790872223287,0.22470806059064566,0.5125237974632237,0.7036179321278767,0.4783278567917517,0.3486511684431545,0.5088774426502828,0.5944953558601007
0.5247090635355139,0.3018279803167252,0.8670222964321175,0.43692553530745215,0.6838506156534393,0.37939634691769497,0.9503284260937133,0.8898172522711929,0.7186219556856417,0.733013915590172,0.8399896466941694,0.9023424231048117,0.8882652712019079,0.8126658837677234,0.30749341514795264,0.3149617477459058,0.302080235136263,0.27024331269285784,0.5199257611681651,0.5149185629682294,0.555242656381547,0.29510039364448604,0.8318853361468478,0.8835291432851837,0.8273427700471072,0.7570724769983962,0.43432993810246234,0.23878423619219769,0.49652626578365927,0.15929740840741258,0.5006263303468382,0.7070487988769698,0.5585394376279307,0.19471916045109966,0.40608642891152036,0.558058535846463
0.5351454489052585,0.2781552234274665,0.9252123322619119,0.3978681624180343,0.7275028272245514,0.2989422673452483,0.9484816758358536,0.883964551806104,0.7253101800623886,0.7372307756323259,0.8330881809557478,0.8800633419000218,0.8765099480516639,0.8024624705561514,0.30927548766963775,0.32577378792702827,0.3517365233933785,0.32798497777385655,0.5649459443855259,0.555073871418787,0.5895045372656815,0.30614901269515943,0.8391490715139591,0.8842819310957888,0.8762030883711112,0.6963515894837246,0.4315954334351805,0.24968708373904536,0.3592317020737678,0.26512698284782665,0.4776829931079331,0.7099986679974439,0.4787864351552466,0.34454742879212946,0.35011645505906425,0.5446686660592842
0.4052726413885339,0.3973667461155574,0.8709981363795098,0.4322843273130629,0.71613270538214,0.306128820037472,0.9441674423596444,0.8822690719727666,0.72350005281329,0.7391360099498331,0.8252607348700522,0.882710055677546,0.8865518703547659,0.8065500224993991,0.3151446804315954,0.3313361218778695,0.36952672645363,0.34091822557443474,0.5582607619278139,0.5580011017961707,0.5684877513386755,0.35270662903904004,0.8311780504768664,0.8812322555786428,0.8835953403383346,0.6893734241551633,0.39835098118529083,0.2530582319995165,0.5854978746956573,0.11645631031215578,0.449752008033087,0.7035490762530168,0.5265570780864973,0.2763664041378109,0.3141477362588081,0.5385897338463123
0.46693877950393836,0.3135427763929296,0.8640484482263596,0.4135485413225355,0.6853056768172124,0.3400861108581576,0.9354807977816131,0.8785537378743169,0.7169726078511403,0.7337630609404867,0.8205208218327871,0.8776117379777224,0.8790321366588976,0.8160554387191314,0.326184593998007,0.34884104981764774,0.38544195598186337,0.36311463205756805,0.5690601495112645,0.5682820240446474,0.6109369022957973,0.33366393050337506,0.8349325780055721,0.8844110598443595,0.8270578266136952,0.7235169000040715,0.359387824744916,0.24149909963970184,0.40702700921987517,0.30584993971596747,0.4066001622116004,0.7172502367813693,0.4446821476658358,0.34089240202508064,0.27707977705392894,0.5438168991610729
0.4555684204442711,0.270389306760436,0.8328768260625316,0.4013587956132092,0.6602500557898137,0.37468165143852156,0.9254110842713577,0.8760652880910886,0.7084914699063429,0.7276130959967088,0.8137428722310548,0.8809682617255365,0.8811767996376612,0.8256640192488955,0.3332654743961677,0.35194120516406024,0.393909101291503,0.372330488710232,0.5550421366059897,0.5810723393376229,0.5415816152830234,0.4586711479703592,0.8337448275267381,0.8902058879437619,0.8598553724450168,0.6847540473493502,0.3464836924847542,0.24647288417080646,0.47294538438609385,0.14693230888446498,0.4191771005862278,0.7027158518989531,0.45796780937612525,0.3519459434521475,0.3125972773473857,0.5547791444628412
0.4962693061614748,0.2630765740629436,0.8593271283297028,0.3882658683163973,0.6769788715251643,0.36091724299538763,0.9330499669324588,0.8815805083731163,0.7184524099334109,0.7367991512984757,0.8277415094523493,0.8751032638146028,0.8943086680118479,0.8286503293540042,0.3488344563537697,0.37472995468558734,0.4080003831676042,0.3844139174229504,0.5997827058706632,0.6087797669070767,0.6074088885634483,0.3752307519012093,0.8480160163810876,0.8991942689143302,0.812958339246136,0.7191189572217499,0.3796729847807143,0.2525411779183284,0.4262510448483059,0.244276111087062,0.4411353445235767,0.7030309390423117,0.6699565736747712,0.2995735870776042,0.35647036373538576,0.5524071829952656
0.5018464222018,0.3052035083007092,0.8754607716839196,0.44217317976318415,0.6881253848276727,0.35896319344999256,0.924566507201866,0.8801759689818164,0.728935627706495,0.748758314754252,0.8456724704733278,0.8611223165809853,0.8802631733011077,0.8298563503360848,0.35372419974188574,0.3832929016041722,0.4082751411023561,0.3824739928596874,0.607890973937364,0.6062555653309276,0.6015314833378633,0.4156892805834745,0.8434842864528618,0.8935558584650307,0.8475376219863088,0.7157200048409856,0.37088146560335633,0.22419539953689505,0.27124810614410655,0.35509926736963504,0.4373107199541333,0.6978349918073833,0.464143632544034,0.3646950347338777,0.3443782959509354,0.5664592451604662
0.4552737076045091,0.29667022958275835,0.8966163687231763,0.3748990031059966,0.6951800368877392,0.31743884695147834,0.9301054149163022,0.8828354545213529,0.7321145913014838,0.7510370949577736,0.8456353382997195,0.8523723892454578,0.8927036329408122,0.8304044637642067,0.36550585302413197,0.3965376339532036,0.42084078971606076,0.40004994796671367,0.6350427908094776,0.631733346886523,0.6440872132041904,0.37154304152930495,0.8578757704898891,0.9109355127580763,0.819482521910234,0.7114766098237585,0.34906528909067025,0.21975878904101154,0.3040566375267229,0.33659708868338756,0.43032073192242615,0.7052059310024612,0.3507616357888775,0.3833506927595477,0.33541921991135154,0.5702562487528919
0.4530259357439605,0.3153524555130077,0.8469956215441568,0.4165235112634008,0.6741855624774621,0.3443967627686516,0.9214401730372961,0.8799236981041743,0.7317808562428363,0.7553647283750432,0.8459488881880305,0.8463099399319126,0.8910039503800141,0.8173841101411741,0.3585945101894611,0.3908429793835538,0.41903915671807873,0.39656575880884276,0.6170111636889581,0.6318084139839837,0.6271912688923031,0.4196749479045516,0.8541006094081764,0.9018594894328205,0.9195307441189657,0.6098433463715504,0.35853830017227883,0.16118072064434308,0.3762635398650522,0.192315971436096,0.4161312624784138,0.6897321417708281,0.3622912781890386,0.4257672345032575,0.3150206414687124,0.5662795190915527
0.47385587791046424,0.2200318727833674,0.8565481348970445,0.40792164887166016,0.6514007821733927,0.4018236783279556,0.9089086338306901,0.8783894243094732,0.7255061336042123,0.7524821990919214,0.8395629458538236,0.8455317964511841,0.8898191430188036,0.8071296342935351,0.3607707870675579,0.38338041430830005,0.42772218802238193,0.4050386831761188,0.609398123878956,0.620592092298963,0.5878095291238747,0.48235857525408565,0.8452824050535717,0.9026171855656129,0.8026891063915301,0.7360796452784125,0.30805113899582315,0.2342648852598267,0.24549134232000508,0.494786053334874,0.3910562845116195,0.6953766253278163,0.4835542958052644,0.22299008141585705,0.29034011009174726,0.5649288541453773
0.3541128343769996,0.39087476368986485,0.8461967426011892,0.4445893962577616,0.6631146435563968,0.35523282893899666,0.9057615919236861,0.8770254889490252,0.723338834383307,0.7474915623506527,0.8377451987166334,0.84952923515405,0.8945562816301238,0.8236979325466152,0.35635938838183456,0.38143179145304695,0.4241371255198705,0.40103056147201693,0.6063629200604337,0.600079733413314,0.625329445652203,0.3695839081506588,0.8414323653301645,0.8868751121892584,0.8175956093934585,0.6877363833350848,0.3267460774437948,0.22353104932350804,0.338597942975493,0.33015045905205187,0.4137130410393443,0.6852641783457964,0.2662389586141564,0.5312626863529512,0.3293707779906488,0.5785585376859367
0.4303047320265701,0.36421778718129955,0.8825168321592489,0.4269192565447134,0.7013530370550826,0.3195391423793442,0.9154199846570601,0.8757119031068858,0.7276682241950104,0.7497308604547128,0.8408541704562497,0.846612638409185,0.8938783679269147,0.8240881218697201,0.360663234124294,0.3868639635198098,0.42958656440366166,0.40607357610764583,0.6171320662444366,0.6079484866904463,0.6618549409702944,0.31265763979112127,0.8506272084819357,0.8938911268439482,0.8579004217825762,0.6895581830853844,0.36242150152972985,0.25218228827865513,0.39894333622480194,0.2396883390934154,0.43562776899111527,0.6732991988774959,0.45791863877805955,0.2814772066418004,0.3611328344007684,0.5865400647296521
0.3913191431612459,0.36592459137921973,0.8307443722958672,0.46758068257184493,0.6862777932821911,0.4033709791622657,0.8980265880991104,0.8744798037979865,0.7304880610605283,0.7567338150773533,0.8486275253538351,0.8458821629005031,0.8907818081626018,0.8329776679988328,0.35985431693206354,0.3892965212773334,0.42209960140965785,0.3927826955117136,0.6043429813995251,0.6032806606505137,0.5749814791093896,0.5146981128008058,0.8394287556674164,0.8921420853392439,0.8243331638127663,0.7088198490964295,0.3648956972112149,0.23353729924223632,0.35205926340622834,0.2903449934986917,0.4331634886091099,0.6821753009230929,0.4310207130315041,0.42334058572183364,0.3593000342946379,0.5853519062318991
0.4647812866693039,0.2720884061114879,0.9055494343643429,0.39162993369049226,0.6716173497628065,0.39684343894126606,0.8962236702241224,0.8708948190056547,0.7340830039100157,0.7569333401488634,0.8455566021617188,0.8447126422885158,0.8870552382003027,0.8306295327967264,0.3569868705035315,0.38375994205998476,0.42158515913254446,0.3921794351151187,0.5970658742800062,0.6096370008193347,0.6258247783021892,0.3834723694449963,0.8392143246363836,0.8881895848631458,0.8362168056440378,0.7092907818337596,0.36864820814441107,0.21327368458625018,0.5162163322330577,0.1569639564315218,0.4211501764498995,0.6924053479290433,0.5100672994939366,0.29790234008139516,0.35374961534394134,0.5925852113741564
0.39430364969259596,0.3474462229406041,0.7966487441000724,0.4702985674377096,0.6837902179269487,0.33892275775675407,0.8920655391529053,0.8648014015062169,0.7273327001056274,0.7502801223159061,0.8383484154320935,0.844936580326231,0.8934741009106937,0.8254508384437481,0.3557316313217527,0.38120456442129486,0.41922249513174226,0.38647651240106445,0.5820825671944355,0.5946129698661844,0.5829243740008798,0.47163351185082214,0.8357121590848636,0.8862304539396564,0.8158549140637188,0.7009770717329835,0.3478363287060634,0.21748931655493375,0.53568533916858,0.12209908839530198,0.410044066698702,0.6915365699670459,0.4940761739894568,0.2803220843297566,0.33463826482000797,0.5975445249755186
0.47786883904118094,0.1912521477436287,0.8665556984789369,0.41868901239754674,0.6723755070145407,0.3646717748740428,0.8787107061928376,0.8631213961029929,0.7269232963319929,0.7518728487181026,0.8413062307748849,0.8455606849573947,0.8911275549894111,0.8288224717853956,0.34453675078827206,0.36366947418983053,0.39708812785549097,0.3605558759647616,0.5594758136485762,0.5606768015428136,0.5793532701588722,0.3792770627923604,0.8199301353491949,0.8622585341272394,0.7889064995314037,0.6965279362357056,0.31925168798371767,0.23303214205593176,0.4890463859197418,0.14122359226384315,0.3958641819366665,0.6697572656092468,0.3497495498021098,0.4112751824930495,0.31110764245277567,0.5940545773607597
0.353713360907401,0.34405819262254345,0.8695522444603205,0.4038170751499364,0.6854628778380931,0.2774727491166316,0.8640606502514641,0.8503337315571791,0.7222233157169305,0.7507620231207819,0.833549288330866,0.8464853016926674,0.8702345022005485,0.8073683057414263,0.34161761995769424,0.3634906252566001,0.40381813185436755,0.37087512381198595,0.5424481658302213,0.5786208927474463,0.5917260262168759,0.37637157553165196,0.8231352995179997,0.8743413505300603,0.7938046122920015,0.6990332368471368,0.37143287534753966,0.2457453398287961,0.5700020838160322,0.09342335138626118,0.44905673081743486,0.669239358417512,0.35239913219913743,0.477917498721156,0.39631380463164917,0.6010315544672574
0.4262328907394695,0.32584375150147316,0.8874164012329544,0.3823400670159921,0.6733711318821165,0.3596299560409495,0.8614738876295289,0.8514680530795082,0.7276258294925119,0.7547216235091327,0.8387034006011707,0.8464243291869533,0.8747965964074469,0.8008925438882959,0.33997092496323156,0.3577456648066434,0.3956705457842151,0.3589660799486584,0.552444269385942,0.5670249780571236,0.568654864834043,0.4341392822749433,0.8278853623857101,0.8690092284107049,0.8304531944936812,0.7068451414054309,0.43496735378972673,0.2201723343018852,0.38909605402925596,0.2531139463189069,0.48445963035087103,0.664146456153458,0.48855540915950285,0.35657900539164833,0.4418258209568455,0.6062948278841281
0.3824034859347922,0.36330005114037617,0.8829740362062009,0.40535936221062535,0.612476631867511,0.4455777206445074,0.8572217011223404,0.8471604904157788,0.7304520834530092,0.7521471013718133,0.8358813986022506,0.8420865674394171,0.8616880594218661,0.8026805861336457,0.338951756403605,0.35942618412755595,0.39951683287104406,0.3636631556159626,0.5665450455900444,0.5665932177991907,0.6216908388701303,0.31878585374697277,0.8389994302362275,0.8791789855569907,0.8307558274357462,0.6903413306378174,0.4069321820894899,0.21835477667240377,0.3940628649066441,0.19533304828734707,0.49773320280359895,0.6749187938253172,0.3926781773098999,0.3595798240466658,0.4430379161511653,0.605861481584991
0.4374756021117414,0.32606718321211514,0.9018543211335641,0.3759519543811073,0.6450532647794345,0.4156805423541621,0.858463036224475,0.8468518625521244,0.7347149773593822,0.7561927085516564,0.8412187253638488,0.8430311271949971,0.8659305208324571,0.8104609761737378,0.3337797507326119,0.34846916420245894,0.382960999223932,0.3443340267333871,0.5543238821115007,0.5573502680873162,0.5355037530476494,0.4789514989890602,0.8263719563901116,0.8756215795000386,0.8313570067190323,0.7117307052921993,0.409650971191876,0.22734916023698526,0.4844189375469323,0.18412807183506236,0.5049380251823867,0.6717079249762709,0.44335984577236137,0.3623043328917866,0.4333381607530409,0.5998808279552306
0.4498008957129668,0.27975747301701503,0.8570274731251994,0.40678045444129396,0.6502631851486045,0.39902311283520187,0.846814522214396,0.8452342995232546,0.7314759061223951,0.752956366370939,0.8357224864133639,0.8451082594099418,0.8673715690598041,0.800055446545469,0.3285015105471334,0.34264267512346186,0.3798268452230008,0.34570124997511914,0.5370949629434,0.5554380823044267,0.5567436588695328,0.4468956747551477,0.8271354133591883,0.8706728598169593,0.8246596573646982,0.6951685879226429,0.37084423172630876,0.2624972157666513,0.6102094912709002,0.024255815921640778,0.4869505578669944,0.6779235729671093,0.3814178624768953,0.4188297617727603,0.4104851757969481,0.5930510189543686
0.38612973360045905,0.39051632992163415,0.875169871092266,0.39467850683165717,0.6382555520730908,0.39746587090902613,0.84891571632015,0.844636758197657,0.7262661447058123,0.7484499132319974,0.8290614723047238,0.8433951558761186,0.8701042231394754,0.8042151886227302,0.32842177799499117,0.3393084979882425,0.38011632693026753,0.3447493802774963,0.5361087251669163,0.5455303249196205,0.5648558228720367,0.41894283624891093,0.81628833382668,0.8653130488945224,0.8278286163737105,0.6865313108429374,0.3511618718855979,0.2429507058519736,0.42499864568063134,0.23844872966913183,0.45726735864935325,0.6810433536355676,0.31813624137411833,0.3825468032079252,0.3811881269465477,0.5808569099924734
0.45862609586411834,0.27197608306450494,0.8767133634252574,0.3896354913827105,0.6492555841898445,0.3711124028400248,0.8480005925981626,0.8421088930648128,0.7262096223621398,0.7498661025779368,0.830584033308962,0.8386275456560003,0.8712110761002203,0.8069806225248622,0.3308046356070782,0.34597477369107743,0.3848646369757071,0.34873373576017674,0.5505285703981386,0.5656001741188943,0.5860198769431982,0.3616983207728334,0.8204070445057016,0.8668152341750748,0.8365169274682251,0.6829339387241411,0.3958739150858627,0.25052061453951113,0.4099050536499788,0.22499055491653508,0.516900178940126,0.6752437741106692,0.3848395773663375,0.3377193413091457,0.45992625433449685,0.5840355580080802
0.4971578780814184,0.28236757906721155,0.8543772043416596,0.46272665853178085,0.6654145067931964,0.3946427013884496,0.8605583512187149,0.8504268344125647,0.737754555334017,0.758386586464344,0.8348723935796432,0.8305983103118719,0.8778622979709347,0.8043745818816419,0.333428779482248,0.3541288556385203,0.3853160831323552,0.35294638739812223,0.557736684533255,0.5763905666487584,0.5728993926283116,0.45272083655276624,0.8254922618596203,0.8693716985985522,0.8377764040300514,0.679733799831437,0.44893937874225076,0.2081929151832988,0.4394138203842928,0.28530221680484497,0.5568494013824874,0.6649995475901551,0.47371421529755026,0.39144227535498444,0.5010729397569905,0.5843001905115897
0.4696223173522126,0.26470628853089456,0.8992932963093516,0.432430267334697,0.6903208906723441,0.3261409641783639,0.8529307975322444,0.8495875089670751,0.7438987641757127,0.7637718356834262,0.8394074294233991,0.826773396402838,0.871838273707743,0.8148102253427938,0.3345918183994836,0.35084317046088953,0.379873068980025,0.34376312751376203,0.5587005615201399,0.5743207788305793,0.5576377821208454,0.42671462916950026,0.8208700582392043,0.8702268401889147,0.83553713949291,0.7008288790403525,0.4545416427193766,0.1800049430712954,0.3539459174183841,0.2330062658426841,0.5622492084440707,0.6753257883582237,0.3768855452644722,0.35426088117107984,0.49353522157685237,0.5649953539748271
0.4775482132830331,0.2911109517349929,0.9612517384572288,0.3669659302725954,0.679584499366109,0.38940162585530946,0.8583799944270407,0.851331124317209,0.7458218077375053,0.76228871312187,0.8308112044301817,0.8246483874521441,0.8848843133262552,0.8048974496459231,0.33676139727439763,0.3617830832508262,0.39081948773948977,0.3592134642101245,0.5759177236664083,0.5773189103948743,0.5965202542088892,0.372679096391071,0.829267836672662,0.8731939221686777,0.8258550734327078,0.7268786244069645,0.4136618458796436,0.2343433767246173,0.3699714903411804,0.2885890336208885,0.5685431271987185,0.6612381790362781,0.4819668579835126,0.24615954135811233,0.4782306318494917,0.5522375853316734
0.46467228110879455,0.25365337348910466,0.8574701265929048,0.4124722467079198,0.6887369723135222,0.34911089068493417,0.8564913918903626,0.8472162121828151,0.7441633796303397,0.7625276246821282,0.8315766594851746,0.8240638071755046,0.8768234524686922,0.8197173491881935,0.33712894937102567,0.3587368119067811,0.3867568320283028,0.35623154685550606,0.5717856778983038,0.5790630170800086,0.6025802568235291,0.40299117222379266,0.8228489921459081,0.8684386936433067,0.8418527142241503,0.6830292832243647,0.42337823733923413,0.14993781224535885,0.3914582832997564,0.3279662038344213,0.5493048734787428,0.6576788422506168,0.5132935196856622,0.39091660978589904,0.44923866416557223,0.5377904661056006
0.4438003514384451,0.28277571097160226,0.9318701695036826,0.39383831248881224,0.6699788408235334,0.3819740261125323,0.8561602334287586,0.8482549893502453,0.7416531901181997,0.759671351302905,0.8259301276758721,0.8167251909163699,0.8738423050880133,0.8115696836908308,0.3439650004881959,0.36927778921743654,0.40889085018143845,0.37815300263411844,0.5760856231010986,0.5934534435108254,0.5884260576354947,0.4763576677109488,0.8268229374830981,0.8766900001839869,0.7957015432903997,0.709478832170803,0.3547697224462748,0.22946865151347728,0.39198440191128714,0.20333705164969923,0.5217191186628407,0.6431307385786473,0.35642804786848353,0.3334073737835823,0.42001640301405063,0.5137586375848796
0.43395960245090504,0.23823352818623802,0.853595991360869,0.40035929950771965,0.6640504388862778,0.39452775517968935,0.8420394805128242,0.8457644764595884,0.7359993700683513,0.7537386271028839,0.8250707080266386,0.8139928580736298,0.8714712186621947,0.8043339059897359,0.34597402315382514,0.37156760693529556,0.4133837742153733,0.38357362023478037,0.5790628862534676,0.5897252325758214,0.5989854619427277,0.40309964708515006,0.8215955839138851,0.8650516893264797,0.8210454916271926,0.6841082553370794,0.3544304541382321,0.22392962241853775,0.3430146120882843,0.3079387936614927,0.553339968608337,0.631944785927001,0.5932823719956882,0.1523866684939359,0.46291300700193583,0.5153668686700487
0.39530554482594416,0.3263008779206016,0.8253143853364974,0.4425012752701083,0.6468507740893636,0.4278252563023003,0.8582877787467782,0.8480329497082735,0.73679336427407,0.7518652489886681,0.818214743314124,0.8101004525951393,0.8789001676217865,0.8065075440994738,0.36085530800552934,0.3873688987905385,0.43404716403350296,0.40579411176853214,0.5745246581168962,0.597688389030856,0.6276264870782181,0.3266534411331298,0.8364710857356966,0.8737424845423352,0.8033287983392543,0.7105158334130046,0.42081774755703966,0.22135783279249505,0.3297438569159755,0.24135944372023974,0.5832487843963574,0.625392513325011,0.49270652452449254,0.33462234264805174,0.5014950951075126,0.5055870792709316
0.4904378609847993,0.25244520219621214,0.8755118745052535,0.42433742159748933,0.684687490131678,0.31800078548102,0.8470432077369574,0.8447951574241925,0.7374563696023847,0.749623103931846,0.8242865867921796,0.8126267896548403,0.8725597623552412,0.8205647548632594,0.35220174422512773,0.3769245049136597,0.4145221667151053,0.3853336015400347,0.5662364741786095,0.5773547590941254,0.591915630933986,0.4228866649362172,0.8246026303195791,0.8664929913324546,0.7692638690641385,0.7316058989255398,0.41345072914309294,0.20818131273193363,0.3146754115658203,0.3300669282982213,0.5944909590127312,0.6206358882706012,0.429428969596783,0.40932362757963886,0.49204950745875853,0.5031161915348289
0.4422949918028679,0.27719113096641657,0.8633435452156317,0.4244267957204556,0.6501912719203419,0.4252463905070738,0.8443742900000959,0.8405441266880666,0.7318626280388245,0.7486385580416839,0.8181008220443416,0.8129075247664345,0.8854976434379926,0.8063402927062113,0.3618675654824777,0.3855352330385524,0.4347205365020143,0.4070358661984921,0.5721050140466392,0.5758325546534234,0.5807845746514385,0.4394745000561754,0.8342040179670609,0.8647794887467397,0.7981708931047946,0.7267145670635924,0.414780304798695,0.2214275934499823,0.31531265047330453,0.3252817267810612,0.590678057975163,0.6063468553452683,0.5457770512453163,0.2615057337204397,0.48569288378854064,0.48576474558050386
0.43592404054071204,0.2962650289718065,0.8405455357064828,0.4152640790269386,0.6554659829135984,0.38690404884729174,0.8385431041062663,0.8363434272667658,0.7300098743843486,0.7433633975555005,0.8141804343138959,0.8115458058547662,0.870183198060225,0.8088931101849566,0.36649519218453475,0.38575079577611704,0.4373231156025097,0.4098576236401099,0.5587694001419022,0.5758949673418715,0.6069287967420097,0.38018083454749874,0.8270759831201896,0.861966840176243,0.761643083082026,0.7399117426985489,0.3731877186071588,0.2623570546630569,0.5093814641069352,0.1415407344990567,0.5784306995191709,0.5984823011180206,0.4583780743111008,0.37447014617561786,0.4625304134043715,0.4780096593955578
0.42297877841704423,0.2940953138093432,0.8442463810239671,0.41877683540820143,0.6620860119747574,0.34338895182894735,0.8284876006826348,0.8282039727054507,0.7269210532668839,0.7400017560871109,0.8064543010433081,0.8131801246592695,0.8549536935957173,0.8048049911534672,0.37494837487157784,0.3868979602733894,0.45127495432691156,0.42297358931205753,0.5445596276541768,0.5741020329507215,0.6332755428225935,0.3412181346768369,0.8267320559217716,0.8599823059961602,0.8436114879400075,0.652525274152766,0.3694593559314254,0.2253351545460544,0.4088736321260922,0.2476298796558416,0.551052597824849,0.5963489767972678,0.6330269824464398,0.18496800165879201,0.4343305615753131,0.47017038785861115
0.4290736737077302,0.29582773308929455,0.826418367286192,0.4327787448826376,0.6277329976939561,0.3196961326430973,0.8092414033588078,0.8169133930917885,0.7157139162178643,0.7338528982611126,0.8018912442546726,0.8113309697465528,0.8426741875572178,0.7896799438872207,0.3794127238128388,0.38318515253635765,0.4547776782958587,0.42927923800393847,0.5426488879616989,0.5500243058260488,0.6036580596712184,0.3714456786347469,0.826213634644593,0.8553095113875329,0.823465299747353,0.6669719202948207,0.3579752444750926,0.3010535805354001,0.31533539286659895,0.2624899300410639,0.5801216029184609,0.5854619933589068,0.41873708287702005,0.3447845825128756,0.48889297330490833,0.47499638319796467
0.4328600988218061,0.2732113226659961,0.8475599993407565,0.3704763862517009,0.6455860535510701,0.34983859522804317,0.8182863343891681,0.8188321015037934,0.7220634495138594,0.7385855110921592,0.8053529934921602,0.812746877571108,0.8616902012838991,0.7798177620946309,0.3804093324418152,0.3879498514697845,0.4554109330811063,0.4280424756052897,0.5533163999130782,0.5524117624464729,0.6131683099277007,0.34929068084815795,0.8402286230252762,0.8650514299751463,0.8444466287307401,0.6717161147742278,0.44888944734456615,0.2822468651610077,0.44795346388899143,0.2147985468131849,0.6312269009253926,0.5730279345919302,0.4027898087165411,0.38177276425181156,0.5414649449990205,0.4665814993213706
0.43503106275394776,0.31748919330060044,0.8386683614978313,0.4358645854304577,0.6485605161006813,0.32025221465259057,0.8163631173591747,0.819699920086869,0.7268936932087992,0.7431563784911037,0.814126497712754,0.8162514174024278,0.8597704079112627,0.7829613392225646,0.3563934764262011,0.37418028393407,0.42372279641876776,0.39631009956223723,0.5266436196175921,0.5365396166349045,0.5433741463017567,0.41442462937029584,0.8244584430235824,0.8526462476433766,0.787783742396021,0.7153244370057183,0.4686546994856032,0.2551961048600283,0.42722452972372293,0.16023954555972192,0.6436853657446214,0.5685399388438807,0.5639982037620566,0.3021706021599033,0.53493016294268,0.4522804770616314
0.46477234975227744,0.28054979215402454,0.8835942635320951,0.4010040456031143,0.6402724680960292,0.3742993608965711,0.807693910222018,0.8158295990817928,0.7266395147829764,0.7426252907293515,0.8119365178245861,0.8145122200770429,0.8488637852055407,0.7852083066520974,0.3601191037493697,0.3795440288378097,0.428403532468735,0.40174489684060577,0.545312174577398,0.5473140035161339,0.5949312388284046,0.36141090137427834,0.8377001556064231,0.8596759457404077,0.8392443640964741,0.681243996012361,0.4717490676040153,0.23180155257370283,0.30738769479118533,0.43308633129009044,0.6439847332885684,0.5748801876945928,0.39461791859894013,0.406699037342084,0.5300673838873347,0.4391141916277053
0.48715293005121363,0.2671921794235804,0.8875430900803627,0.36335233781577614,0.6241759269671016,0.39836293134660306,0.7976102871880165,0.8106404734850201,0.7278103165499945,0.7447180465973684,0.8040696030405644,0.8084031396491362,0.8450110155529408,0.7726034577614342,0.3496872339873663,0.3626974680726603,0.42154515837228723,0.3917588065924656,0.5239738591231103,0.5281303241531586,0.5868853609099991,0.333636590283255,0.8206381524925239,0.8457806945579468,0.7949540646942871,0.6985661016401332,0.45920668891965466,0.2730000569584252,0.39761255594756206,0.24429353636198273,0.6250551338761956,0.5510669886916223,0.43559218160072194,0.43107234560748514,0.5083050728766143,0.4363457766091017
0.4659198254889473,0.28685334825713193,0.8662423889516486,0.3281118943025815,0.5856462933828614,0.38876755454247813,0.7738932627638202,0.7865527900082447,0.7156594846193296,0.7275744595909359,0.7814176467034275,0.7929297782409697,0.8170600390508523,0.7413389177627978,0.36455751709232076,0.3748653133700564,0.44309261223662727,0.4135787218940353,0.5163162801565914,0.5355683686881492,0.551930614185232,0.40305440600337655,0.824248827745299,0.8512527165257269,0.8429279530862123,0.6562306485467259,0.4480386059909014,0.24304144297903316,0.35525390340680607,0.2723893812945022,0.599388978281033,0.5551992005196892,0.5666675866532107,0.2684646623369573,0.4797771677017437,0.42245301692640497
0.40020720793840836,0.30628980968983754,0.784953356482547,0.38218596919115444,0.616325049212197,0.33443217794870045,0.7769030734484308,0.7940341800606271,0.721111641218008,0.7344530022233086,0.7949546420039126,0.7993399798916727,0.8330095214573776,0.7606612659922464,0.347286418491566,0.36029177446512217,0.40690422471955057,0.37931715046222286,0.5023562468713922,0.5141583364927157,0.5268421382451172,0.4355740600957434,0.8018291825823742,0.8364940190753981,0.783741178375745,0.685871288520355,0.39218145963348683,0.2950882720417784,0.5069818048136515,0.24656966548607467,0.5800207087017245,0.5502527299962163,0.6129988221672776,0.22457563034785213,0.4658540711891909,0.42208657581867187
0.4021702398262552,0.32765705710228205,0.7867664061199169,0.4335194412920814,0.64307171350056,0.3281839398637319,0.7975982508110878,0.8069590431346052,0.7269898246966526,0.7424147626216512,0.793976758940768,0.7955018047698899,0.8406019186031266,0.773477794432679,0.35934452302503495,0.37863793028140846,0.4336211824334636,0.40692935796771934,0.551872196442956,0.558726505020746,0.6051560365430738,0.3580669654450022,0.8395892388512265,0.8645217347770724,0.809210454098667,0.6991598586751363,0.47405330403383306,0.25791872952558287,0.34613409297808984,0.3608494844278372,0.6457692313549925,0.5472410569890708,0.48451921437357176,0.299126201612164,0.5518444939024374,0.4209078821211049
0.530142570874375,0.2149229840009012,0.8204101240301505,0.40951140913615003,0.6543571294601556,0.32419029286922235,0.8197431386268876,0.8152944452629974,0.7317668836523503,0.7440376309068492,0.7971880283559166,0.7941819274631965,0.8623571011358457,0.7828566745967731,0.36561046850459095,0.384361374128262,0.43932182498724015,0.4124034035523159,0.5512647445798338,0.5630057040761316,0.6075374825600861,0.38435205353693974,0.8378125640191205,0.8614597863809133,0.8686060932099126,0.6780122410526559,0.5168453103272201,0.25756918843320753,0.33262304462935277,0.31155651780114907,0.6578722343686463,0.5355127728209859,0.5171997980351597,0.32760470610160985,0.5559700360790351,0.41619616826414213
0.5427490276790543,0.2187622464171361,0.89380125624223,0.36439291678632607,0.676239805625734,0.31531509693449356,0.8229508102445178,0.8196980546205777,0.737659576771245,0.7464357948257525,0.7956197406153367,0.7912536670343445,0.8698998459466615,0.7908673216682847,0.3734163450466236,0.3924333521589497,0.44869597415482343,0.42528096758518275,0.5728908020355401,0.5842662471254059,0.6161445363828141,0.3919882799828322,0.8528285736795262,0.8688520168494587,0.8649034724208715,0.6588153514322787,0.5100700546935295,0.19296839520426645,0.36509082299649664,0.2580103045047222,0.6617000646013569,0.5393591308811075,0.5674356962571929,0.29395989028260183,0.5527875404129523,0.39798942555290084
0.47432619167179807,0.2551381664178154,0.8117697635090246,0.39222410284522136,0.6337112703670521,0.4328486825462048,0.8440302408265441,0.8312055941174015,0.7425287732220998,0.7487675905489818,0.7960512717835957,0.7840511577581665,0.8808169914923824,0.8162520559273299,0.38089748657022343,0.3968839597222245,0.45047496405371806,0.42734247100551215,0.5807036341256504,0.581131538853278,0.6103979378001695,0.42856198268037093,0.8474112067980655,0.8687957788678969,0.8653777764306315,0.6555660368459229,0.4956897286945119,0.18175809912347096,0.42507157085142344,0.22046431826363755,0.6429105799247021,0.5342519609063842,0.41096483669850126,0.3553381043604196,0.5289872814574326,0.38836370837300327
0.4385655055499839,0.26615425599064496,0.79402593109502,0.4267613370182961,0.6578589287847697,0.3803843310778964,0.8461551183029269,0.834780064454949,0.744720336242327,0.7556496445685459,0.7978810544553665,0.7799700776415143,0.8970946666308706,0.8164425371421697,0.3829556294379425,0.40159648287362876,0.4499685968882697,0.42435153179995694,0.5794138104911973,0.6060421332476915,0.5554298791959839,0.520410066493571,0.8453463780577348,0.8792481579173401,0.8333883219404725,0.6889715633879113,0.4370567415617488,0.21703909983014635,0.43889580218504953,0.17349272134924956,0.6275929449322546,0.5202527209906483,0.40313864630571206,0.37627358717360915,0.49535569119353656,0.37791176869854437
0.4612235604373322,0.2218973557430102,0.8399767428945979,0.3805647487557522,0.635444641289507,0.37925224838105653,0.8417462279217718,0.8301695967179585,0.7377164093756836,0.7476703004214686,0.7918917576026516,0.7785169420157823,0.8981738490899249,0.8186659009153942,0.38592234999260205,0.39917461932804543,0.4551707862170664,0.43524265847408355,0.5764766793044882,0.5935828229810359,0.5973273607545778,0.4335735687190713,0.8406639306098103,0.8715933737749628,0.8031975396641826,0.6866993964429964,0.4065060236820143,0.2233224208501043,0.2928817047588439,0.43434609129199153,0.5939275919681122,0.5263528988714364,0.4535206697046131,0.304962038715801,0.4594601842926367,0.36509228339661426
0.4526766651364432,0.23737695924259233,0.8578925530194832,0.35454141363107256,0.6198158576543794,0.38367786474856547,0.8354352747208249,0.8274543737734299,0.7305260227939381,0.7428038753254154,0.7871126987237254,0.7763796136696883,0.8970775840881826,0.8074007388364389,0.39755862395353203,0.3965934142089053,0.4704542981928038,0.44777628897739663,0.5887632285231166,0.5954994681882169,0.6474239362824589,0.3472961014907918,0.8465034549765047,0.8728461046370466,0.8360783628381034,0.6691815704838142,0.44325000195858844,0.22700145794961496,0.3936114830311041,0.2598663437732015,0.6414570870404857,0.5144612859158189,0.5626026807490602,0.29892471328269776,0.522738532415131,0.37926970623690925
0.4612803636515736,0.2762990606349601,0.8658965166547906,0.40707960564699275,0.6149623457652216,0.49110152633164783,0.8426925243039337,0.8288839577172448,0.7434752268689601,0.752455588833135,0.7911434050598889,0.7747752776144006,0.887383157345188,0.829374265076207,0.4061502237341718,0.40435997707560234,0.47786722130372544,0.4550078195183601,0.6042983381911337,0.6116839333631678,0.6002342350667695,0.49480097519317956,0.8556156324802631,0.8754188764958961,0.8487740395363315,0.6825875073120184,0.4799800092435758,0.20213513768681018,0.4319703963811748,0.17902689445056472,0.6555809628863163,0.49001208375357064,0.34503028610893316,0.34477170841707677,0.5356658518247452,0.36292974052567134
0.38453905105147435,0.3341831646267399,0.8418911540826892,0.4023799658450287,0.6372820958816772,0.4194806179154962,0.8310335177818944,0.8276872284895163,0.7441661586404195,0.7553504392400382,0.7924647773774536,0.7770449413365526,0.9028981834229909,0.8133701898563677,0.4209341723881363,0.40228063959350413,0.4899401738376552,0.46738996264126337,0.6061792524443458,0.603115662647678,0.6464175176775622,0.36238123545772233,0.85595130120049,0.8729400674099405,0.7924648498592779,0.7017844548714478,0.46772295785049023,0.19286811690794708,0.21812786935707834,0.48720190907276045,0.6392460531074481,0.5039316089896158,0.47163668111236307,0.29548541262363154,0.5227462459708333,0.36207596320652835
0.47539604094714905,0.22367796598443365,0.9281856191616679,0.3127957826823352,0.6815100637021025,0.29732327236118733,0.830650367587668,0.8243704425652676,0.7387656268840138,0.7522716314554856,0.7925210031815242,0.7785276448504258,0.8917054866191576,0.8261183469596276,0.43505280331428514,0.4000937988336162,0.500925282611488,0.47775768933426055,0.6040885214051601,0.6114548264033084,0.61553526381031,0.48245856144912813,0.8562449782110093,0.8692721924997505,0.8146387396016801,0.7002498655951332,0.4566151389714153,0.2190345864369595,0.40847935704049476,0.25103496022920213,0.6263111497206937,0.49077576566759407,0.4329558371030391,0.30444753088205034,0.5044413359702585,0.350574080246273
0.4264341397976014,0.2439099420554179,0.837942112973586,0.3668652755866533,0.6984779390018687,0.28832513163386586,0.8235978520957863,0.8236025174143984,0.7410679160034885,0.7568321900297112,0.7995447452176565,0.7809988825644041,0.8982236404835122,0.814017385691316,0.42854113178234426,0.40331169025946434,0.4934642207998101,0.47137381535966083,0.5910675872494141,0.5995829421225037,0.6398358223162529,0.3778871090906874,0.8491537291332174,0.864690313204676,0.8085365256144317,0.6838002154615137,0.43387125441103536,0.20295250537766285,0.5341418113621298,0.17083043732716027,0.6078384530071471,0.4852677917491112,0.35876603600475176,0.49857338770550313,0.4753280014935634,0.3491416813517534
0.3983849615365077,0.3000618806459405,0.8636229116026748,0.3877080228644406,0.6587888381627781,0.35810216841847675,0.8140737962043587,0.8255111939178186,0.7434632705759121,0.7613514539790813,0.8046449167848457,0.7830842247451902,0.8930079596926892,0.8210882245042705,0.4191610691467561,0.4057808481275764,0.4824408559677614,0.4593611573246022,0.5825194787365902,0.5951394279369148,0.6178861837119639,0.4117141352892425,0.8409802285494563,0.8599739051835356,0.824277640493183,0.6732029925890806,0.3934451029521858,0.226752522034673,0.42870671326844395,0.2193599373853481,0.5760254918462712,0.4920085110197208,0.6182520129186043,0.29723713091049875,0.44212397059174635,0.34919671076077147
0.3467428191858494,0.32765416196077024,0.8593952588172904,0.41228788484029644,0.6655068830762807,0.33730819715672716,0.8231901492420157,0.8223735955693199,0.7409268660333359,0.757514346396283,0.8022567326682148,0.7851816427080084,0.8921231758963631,0.8200743844232417,0.4297050362697282,0.40460015977839253,0.4957588000534004,0.4711517808809319,0.5855147182239019,0.6012057971959645,0.5890236751366564,0.4946594510288071,0.8525884180317385,0.8704325288973553,0.8246342661958415,0.6814891140628665,0.44723869001647515,0.23162960802305255,0.5374569975392322,0.3419209073544558,0.640174995189529,0.48842444454525763,0.3656195627757207,0.3078566618226751,0.5174885793456041,0.36219935273754855
0.38269711954689767,0.3450586886459931,0.8414312912083038,0.4117466929507522,0.6393046963698823,0.3864343737251581,0.8230965678684912,0.8246945975197755,0.7389610335536608,0.7544938760596026,0.8014841828682628,0.7851922358586403,0.8861104656347846,0.814538627260587,0.41943360432978893,0.40221277241635955,0.4849366508818652,0.46172721893325885,0.5903021350460884,0.5812655528432,0.6280211097309821,0.3914480681750669,0.8539621443197223,0.8677687948328855,0.8224615507179058,0.676724151461886,0.504675069881768,0.24712188727103235,0.3524950148561833,0.33392324719525857,0.664521678853644,0.46571457864025423,0.6581815003236979,0.20622859403694813,0.5418993528555331,0.36055437068080065
0.47328225145810915,0.27011061534393294,0.7975798838983876,0.43715105724453174,0.6854567387296383,0.26725563575975697,0.8194680147930073,0.8176728267902846,0.7398535538343161,0.7531883608111272,0.7986253250556736,0.7856761007829348,0.8868890335532513,0.7940061870509298,0.4180840687414416,0.3982608505241331,0.4816729773826343,0.45924389796574666,0.5834098694446547,0.5841277077888303,0.5749188908138999,0.5486113166194218,0.8536161318028743,0.8664813971053831,0.8787033119491048,0.6375607508313597,0.5034315452964723,0.23075286659154376,0.18914933390344696,0.41236625344457617,0.6567939802075599,0.46449716423870374,0.5297012465840565,0.2298191818997591,0.531602039388089,0.34900328205233605
0.5099127287447281,0.22599121480129564,0.8664408243228422,0.3960910521042339,0.6692555050989204,0.3051793279001939,0.8239294773202304,0.8178063759446899,0.7405068106803497,0.7534711550885215,0.7966604962439896,0.7845287719156158,0.8791132645228292,0.8017640377722034,0.4174970163819456,0.40070042445739557,0.4819523672316257,0.4566846382032413,0.5787365243460503,0.5894383401090508,0.6085492020851885,0.37822969089192154,0.854421608660417,0.8669368603914674,0.8347043939452063,0.6907488782099439,0.4746738467452255,0.2691095458967797,0.2941256266866993,0.37921174895953974,0.6486339266337434,0.4642043460494633,0.3479148205408742,0.4855608444510768,0.5157881147178832,0.34554557007569864
0.4681962821229078,0.28394530449837585,0.8564682015667031,0.37724446655345867,0.6338271422344888,0.3912112476696935,0.8190635266054087,0.8162192460564914,0.7396367077406534,0.7525389031215415,0.7924645535758976,0.7831106636746406,0.874644388637069,0.8012448983908824,0.41568382478541055,0.39962011676250137,0.48072353015181135,0.4575915632727679,0.5865707374361918,0.5787893237486875,0.5880541259961097,0.46146297387953805,0.8540359199786276,0.865762282195738,0.8416141791615095,0.6687887180519035,0.4673673791614619,0.2311248176126252,0.2463479935359476,0.5071577355934943,0.6287460613463205,0.46286328718754255,0.5284555891392688,0.3102426684959878,0.4878402848616201,0.3362339316599603
0.4685904878989063,0.2498086696226257,0.8276711253599324,0.3913363159386111,0.6297916119743291,0.3866373089545959,0.8189782302219861,0.8126949581670516,0.7357610335946247,0.7515965901671784,0.7883062633301154,0.7799662078416062,0.8683199467308282,0.8064783775193264,0.4154339505590524,0.39908674975798275,0.4807850660927689,0.4570609370594044,0.583795442008642,0.5718606290125403,0.6116353380848785,0.4078354381824405,0.8521215649626432,0.8594149692679101,0.7846975128424127,0.7120362587052018,0.4377402218771064,0.23194948915156188,0.20849646819740472,0.3236185336356169,0.5966813026118658,0.4698153989731301,0.3985927782376076,0.42534262880035756,0.4521252887802443,0.342372571501829
0.3787152273097371,0.3563559801566458,0.8026307564090822,0.4317838305733053,0.6002193017139056,0.4299369793661717,0.8134441206984006,0.8183067327649098,0.7370477116811143,0.7546109247323214,0.7928961710638001,0.7809262977235976,0.8858836513373051,0.8008120627580826,0.3975725453364831,0.40316362527642835,0.45822254744276875,0.43538361847664636,0.5795063926579671,0.5650057530370499,0.6123195000183335,0.327272638801977,0.8379012253899017,0.8584613475169063,0.8025187589127976,0.6791387347893898,0.4183431306954614,0.2055501161797375,0.4510265526655881,0.22149187888583935,0.6065019203430805,0.4593068079146121,0.4763592407376266,0.33380021538246235,0.4719284589081189,0.3646043264325523
0.4687396061811041,0.28544106445770245,0.8518119498160102,0.4129986032662465,0.6452431503836494,0.40088659463939674,0.8285981689505768,0.8236984703661265,0.7441664508548012,0.7619344489566873,0.7904528154572317,0.7781553967290341,0.8833319695269428,0.8136761871697923,0.41333782607735536,0.40810949099618055,0.476321314151273,0.45434024891944186,0.6016656361104227,0.6138350185632737,0.5954057933733146,0.4659605001847198,0.8598684056112711,0.8720978157432686,0.8078937022310568,0.6986569150308569,0.5029051166676546,0.2079329913336384,0.40661335561401596,0.18230403952351198,0.6683042568553434,0.44671870516123396,0.45923533584510207,0.37704475345626465,0.5386709054933818,0.35981082883684223
0.48712219990411293,0.2638675622910621,0.8827378999404718,0.3667125416521382,0.6562251873696238,0.35557055830484485,0.8321587905679512,0.8277778909650171,0.7508453897078596,0.7661324061914223,0.7917688326454217,0.7777057286473789,0.8908542930513306,0.8207163258577859,0.4129774814860251,0.4115364835214437,0.47536070484684284,0.45325297046035246,0.6123621793085513,0.5926657371258085,0.6176212800932231,0.3972141418877584,0.8568943387791035,0.8657381597261746,0.8358963869900322,0.6881253557661204,0.5069667520781425,0.23537596711702996,0.3194939016610465,0.3031449850337853,0.6678949606537805,0.4564846628970406,0.39332101329241115,0.40919977740420777,0.53492694878947,0.3547031995448067
0.5205469372627248,0.2495533553278959,0.8234787622176805,0.41534687853242624,0.6364564950677399,0.43213686146679153,0.82932851324771,0.8256944363941521,0.7528811457422814,0.7696517772974378,0.7906972774464156,0.7787554212084971,0.8940616049865375,0.816411977909081,0.42052760211810913,0.41581135267661695,0.48298107556339787,0.46088155128795133,0.6422708513392122,0.6167356693562639,0.6357441773095767,0.40028557758598676,0.8696620724070252,0.8820332921335041,0.8210377591786442,0.7175765181833915,0.48421055567906796,0.21151159207241366,0.4372429600100888,0.21151845530686433,0.6785803779918888,0.4451748146098006,0.5767873104224106,0.33388225871249416,0.5326319284869081,0.35107093679387025
0.46490992179929325,0.28333969403457304,0.8543663123385937,0.401197251426614,0.6835429370656481,0.3989309184286022,0.839831327766134,0.8360548842217892,0.7726387419379541,0.7883769788157939,0.7890642324553079,0.787526138128078,0.9269881161543774,0.8290305188503798,0.43028339464746185,0.4334802000280279,0.4852232081478338,0.46576398276044134,0.6577520087621286,0.6369423982579245,0.6347528228447185,0.47645045832305966,0.8635359081933498,0.877053984669891,0.8356032757615794,0.7027899084882004,0.4809277625422828,0.15789805428973896,0.35967309627857885,0.3221693467436443,0.6596216110070316,0.4390276322491744,0.47145978668715366,0.31117132784231305,0.5122771331917934,0.3495699913784075
0.4838821749052115,0.18741850841121083,0.8795996093461933,0.3952566519860006,0.6507457067925231,0.47920369386679545,0.8347655371312757,0.8373139355261197,0.7718804445587792,0.7866292006590266,0.7834273845773266,0.7829473782251646,0.9096870287663421,0.8382268564795449,0.4239492479228819,0.42944668496914046,0.483637280796629,0.46388927339085173,0.6372349021415981,0.6257233805129079,0.6605115885529674,0.3925125088645279,0.8532917753875302,0.8668013173606626,0.8200336869263515,0.6975645241012025,0.4427719990800756,0.18902654182220724,0.2818428232013113,0.3011165838110241,0.651186666813083,0.44887923319387724,0.4974460483419448,0.3178169990357717,0.5059697833690391,0.3584500773781664
0.44367696825107455,0.2386151768560184,0.8561511065309539,0.43562646859050785,0.7044543123203063,0.4488865759926916,0.8318010335494799,0.8453889101869566,0.7679447344777819,0.7949828747264481,0.8016922698237018,0.7815375143839851,0.9202575418294789,0.8435907721155611,0.4121958886985043,0.42071961654425105,0.45768608514870057,0.44111753872295156,0.6328587031081432,0.6312996189509186,0.5689343867571535,0.6036884222858406,0.8728676826298369,0.906617964847632,0.7689293201188524,0.7677394731633708,0.37965142981710254,0.19785156288321765,0.4684271333533099,0.3413619685250614,0.7653288677310524,0.4276283156200635,0.6838586844717567,0.21918939055062747,0.6794677380085186,0.43270155788505127
0.4842162532213039,0.16520583034220632,0.9320572591900863,0.4625819169011617,0.7776089162304469,0.49358901529679444,0.8409326562019661,0.8569792415188779,0.7596594382173799,0.7969117426534735,0.7795556145423597,0.7710924592136674,0.9058776532677346,0.8451994840584688,0.39814544592825957,0.40553231745647195,0.43770095006360066,0.42789344970546256,0.6395915482677305,0.6376205282139213,0.6546521393260234,0.4027754639840375,0.8993567045611508,0.9452894046308933,0.7551423493768847,0.774597306597645,0.42911304294761743,0.15469307180779795,0.38729303428455003,0.38624675391991486,0.8624423880523052,0.449570198472942,0.5557861193902514,0.31783505965778036,0.8629164373232123,0.5139470277900018
0.3996807790595327,0.2884601755716677,0.8815631721912394,0.48435654187692023,0.7831119774079549,0.40666396755749923,0.8481603661393011,0.8573310089658243,0.7574599395651467,0.7907593647784655,0.7747668540284299,0.7471469657191137,0.9072169833579982,0.8356983826791888,0.3916351124947129,0.3985825411600775,0.4429508329498571,0.4320618257343221,0.6728908534066123,0.6652360978425783,0.6591431013072693,0.48778659984621797,0.9325711739662923,0.9749096391539149,0.7854178146646863,0.7796295626298093,0.4125937242404315,0.13163214066005074,0.4176365628838379,0.3222928953072507,0.8424218641012888,0.4228143366678253,0.7068863753768835,0.2823225211603762,0.8626026237625188,0.5129980281402863
0.4348012592619875,0.20469281395438574,0.8358830385508269,0.4637813044420296,0.7072424253515937,0.418240648450831,0.833456488492932,0.8468054111230386,0.7543366549826115,0.7810508865108963,0.7689804190238403,0.7611110855067462,0.8798833592273945,0.8122537640382391,0.3540643574271526,0.3768960334802057,0.3877360917938433,0.3744853134525218,0.6090910948639974,0.5960934075309583,0.5960044036048965,0.39280529315298957,0.8683096832045265,0.9158668848661671,0.7581314839571431,0.7698562600650767,0.40961351885793684,0.15810493036879575,0.34555074585552265,0.31921720625186567,0.7961444808677193,0.3986103022798657,0.42648459863481003,0.43471765754534974,0.8645655671054455,0.5257733383435601
0.4157281670775084,0.2821103952605701,0.8771451357157494,0.4707351764946709,0.693127295367694,0.47035120099576166,0.805764450103454,0.8399621165505693,0.7679325882562695,0.802285908567464,0.7521460981680272,0.7849772310759628,0.877907768126525,0.8215646094380032,0.3524438903324142,0.38171998470396085,0.41107021561192764,0.4002938877536771,0.6382018294469716,0.6334529879706678,0.5752765184546693,0.5157247856472669,0.8933604038207947,0.9347853205013197,0.7719481929225419,0.7570841750246282,0.3887217477936403,0.13639715442777955,0.4576068849035223,0.23266085611361076,0.7534366127810034,0.3913631516523215,0.4237485989405337,0.3591164655684647,0.7398163543906011,0.4633406520634904
0.4161498959853558,0.23606590382408008,0.9197728826295158,0.4020906928460029,0.7610107985369633,0.2707258063835834,0.7817248735723875,0.824281832369143,0.7685030364763116,0.8063515826780377,0.7462613502685826,0.8008964419851214,0.8837265797819412,0.8105213683578583,0.3434606311906096,0.3631435996430832,0.3897469263109818,0.37596643093757004,0.6193996697446562,0.5989859340722559,0.5894299267164617,0.4822965870739676,0.8555848698913793,0.8902327954675207,0.781817201833277,0.7305281017632084,0.387648488590915,0.10708915196559676,0.3030361645063886,0.4760529959954257,0.7087160490907044,0.3977226393202748,0.3664697132022289,0.5174948364253615,0.7131603248993112,0.4773784108921614
0.3938044625642309,0.18707412069684243,0.878704533718941,0.4304483633306202,0.70114115520191,0.404151708950648,0.7693016829445289,0.8217586842415054,0.7733680867678792,0.8132118992914832,0.7473334949520465,0.8030233984165129,0.8657960703287264,0.8238621524532819,0.3394096713403593,0.3575955849250947,0.38470145108388537,0.37230841476122767,0.6057582481494113,0.5879894007534611,0.5894050405213868,0.36277331804611745,0.8429080964004325,0.881985051190662,0.7802943417902427,0.7090320015718529,0.35160176992321623,0.10225505139452667,0.34216844638528954,0.3577014466463846,0.6814889985045844,0.38628168576648136,0.569937898401037,0.32644517003894924,0.6429933807594307,0.44907197955112027
0.3768136166259077,0.27456746652866293,0.8805265509925468,0.40544811980312034,0.6714228237097348,0.4235118110386485,0.7564487007280872,0.8207433431128035,0.7739089752751453,0.8184329220018631,0.7460117355160651,0.8037622082587371,0.8732270415848971,0.8142330736208372,0.32896251241515395,0.33249125061386614,0.35910196919438186,0.343311905184046,0.6022966828600634,0.5842999809032201,0.5693092618343889,0.4384862768627892,0.834611936670263,0.8715301946446208,0.7965703727706157,0.7051211752107331,0.3845825686128893,0.11323028164206633,0.3582330961732799,0.27173825988380873,0.735865111050654,0.37882970203235644,0.44802452549509225,0.29655194048531325,0.7233763739530487,0.4519677833816215
0.49582880520367667,0.12232966318642607,0.9088315148638779,0.4023750600507879,0.6786676950190025,0.4635779221019806,0.7659752125360949,0.8266029074971979,0.7823258304705061,0.8248948280963297,0.7554821496545587,0.8065171261301362,0.8722350699197289,0.8199348334430181,0.32083546962365245,0.31943081906638016,0.3517765156337672,0.3360680680581726,0.5956265640369941,0.5810470342362553,0.5529191052118939,0.4274293569717728,0.8349824419915923,0.8727270424180522,0.7911573335974644,0.7203130641939542,0.47182379801560204,0.10337336782376588,0.2971983732317621,0.24908027999629168,0.7484119180133293,0.3852449816421005,0.4458671528557266,0.5519434706333163,0.7479421165557243,0.43300462219486563
0.4687045253479363,0.201225951726934,0.9254775143107228,0.4276409283741503,0.7122472416030431,0.37103166629690176,0.7702644128899894,0.8255951011072181,0.7860969284634063,0.8229436492688896,0.7567804322572879,0.8056226355085382,0.8671632514241048,0.8121216578093973,0.32229872791955744,0.31562209915298434,0.3459901456489245,0.32993658066004083,0.5852125066799377,0.572404019298568,0.579980898912815,0.35390179640364927,0.8358556744658285,0.8644930315901274,0.7556862396784266,0.7667898434823448,0.4613156693616026,0.1461715086494249,0.5495375302927135,0.1923882288426096,0.7543073199851515,0.37223291352735793,0.5285237712155229,0.3027409020812843,0.7192828752224608,0.4096698342065216
0.45670517493750223,0.19040659781857622,0.8570567733929666,0.4758910689737867,0.7168677895831898,0.343489780882971,0.7633334597580419,0.823338454100917,0.7839405482979913,0.8231335425616183,0.7610926006419432,0.802296018327563,0.8677190991947104,0.8032729163094849,0.3165927986824263,0.2944295783355429,0.32911214561031876,0.31039857555837835,0.5630928953743387,0.5351699805462832,0.563714872852597,0.33301782601377056,0.8181871088906553,0.8472952049386236,0.7684631068390051,0.7340576553112892,0.4655818348171173,0.14847459511375144,0.5826009770862403,0.07922655013234325,0.7586049046985468,0.35435253929065613,0.7074755426202627,0.22256391497223327,0.6989946033684353,0.3871983821897186
0.44064384453542194,0.2800798821431874,0.8715245109399403,0.46112359985189666,0.7287226916415963,0.332858636693073,0.759279013331261,0.8199917464289683,0.7783844274476371,0.817551998673121,0.7563925900995845,0.7925977390355725,0.8625060752546925,0.8057716715972725,0.3124718146852468,0.28308886372460196,0.324444297357334,0.3076025484016419,0.5479237006026826,0.5302588995717753,0.5529001716963072,0.32805750601009015,0.8150284300596391,0.8385088279808941,0.6826056104198436,0.8005547729641136,0.4135775000402771,0.20243097617841604,0.30052309846363723,0.48517024110243745,0.7284502255587,0.37336894885628613,0.47335909154665157,0.42108006962114664,0.6644707093441202,0.374576932662918
0.4668213061080678,0.1935596481005169,0.9236823309038138,0.41994074477227183,0.6813861274279283,0.36202167637499083,0.7607664792593245,0.8223540780407526,0.7671000662676941,0.8082362663565666,0.7705676668230718,0.7669487781748665,0.887601569169192,0.821878023737674,0.30226358923927155,0.25638754744776965,0.297586688003052,0.27828656017769177,0.4860678474289013,0.49008977757355127,0.4974091455400696,0.36770569673210207,0.7791866571791792,0.8180670481962786,0.7288669146397365,0.7237255115055179,0.4212588127770922,0.14608171169992712,0.330886783494331,0.4366132798053821,0.7046632952885739,0.3678793112548077,0.5078086645565318,0.34708376219358084,0.6071499987271683,0.34619641934292034
0.3702876439144907,0.26941314412432854,0.8429723476116255,0.4330143284828559,0.6577519898506673,0.3734131573311522,0.7528008324446098,0.8224693818931182,0.756773459691445,0.8023797133496974,0.7673698756847519,0.7571633652411252,0.8898747475651759,0.8228159883311378,0.2990607972783348,0.24628525670836016,0.2904020238299281,0.2721997876796406,0.4845377440187982,0.4794595582810965,0.48817963845451645,0.366109496246396,0.7771043601341334,0.8138343599164515,0.7347612151438497,0.6895745389098524,0.41155616963191893,0.1424791721352704,0.40944041510839674,0.33279764706768034,0.6967260327910043,0.36487547645520135,0.3768206815784495,0.424799054390226,0.6191707798606452,0.33963840961628006
0.5065848861033287,0.17408000614904795,0.9728626364520163,0.36141973426318785,0.6747867112680275,0.3882336188517601,0.7596690418003642,0.8267084368580633,0.7689471370366949,0.8122317630814995,0.7695369204271292,0.7761862934325244,0.8930755097174409,0.8318332014474711,0.3081825051507934,0.25297747384433467,0.2954752570027686,0.27789690480658663,0.5156581074306905,0.5009526772847017,0.5280985883711481,0.3059894304142086,0.7891810403066448,0.8172286111545675,0.7334889004644255,0.7114577952699993,0.47479660673562984,0.1582383956785931,0.4184280083778494,0.2430724385659616,0.7659520813202387,0.35709440276911386,0.4431379772513192,0.3753462597992112,0.6666354329962534,0.3222918555619715
0.5477471547266743,0.1322901168377943,0.8896480684004839,0.4344343195593168,0.6905204250047731,0.3957782402860476,0.7735920995667527,0.8324483759295368,0.7824666871172078,0.8221601285260793,0.7683918934156672,0.7818227199209927,0.9162268428216815,0.8394730615324082,0.31227058305139044,0.24760448326020676,0.2904221024094754,0.2742656489723415,0.5124301170573029,0.500994460661273,0.5357379183540499,0.3332587712099831,0.7878529219301571,0.815093792314333,0.7666793481312892,0.7070694013490595,0.5182470855659949,0.11860423188541086,0.42605193333049246,0.3685316697065063,0.7758648144512952,0.3581462732661831,0.2624478774342202,0.5647838372786331,0.6397073351963476,0.2842509450705255
0.4220141364772015,0.26483494426023935,0.8955694704852994,0.4344404698290216,0.6805759589059356,0.4035315089107163,0.7758103025656709,0.832278172763882,0.7769984075594196,0.8161505690298144,0.7725775451440984,0.7636314305482279,0.9324186290162557,0.8594527655944654,0.30848638519598837,0.23614050333872882,0.28314663635066695,0.26230459949134804,0.4938535500258646,0.4878730907300837,0.5059229173071326,0.33272041260558255,0.7808425407626287,0.8069821756980371,0.7782147608087274,0.6928692295128227,0.5014228165683409,0.13064377224202994,0.5304966914069473,0.2136100137353505,0.7770595182884743,0.3583993119495875,0.45312515157247407,0.4468394676379304,0.6232746644994112,0.2730911426447118
0.5102323584724624,0.20555053493251726,0.9526603228739375,0.4046125978413784,0.6971057898380019,0.3615766073436446,0.790668288852461,0.8375085618993804,0.7779019099545188,0.8176759208802507,0.7653151568863457,0.7686447919345125,0.9339558813803159,0.8601903696103698,0.31109057634372317,0.23891927825713866,0.2805787148248547,0.2589075093827924,0.49896356873396275,0.5071751522953301,0.5056374018356369,0.3528733044058705,0.781359541845644,0.8134248450264021,0.7714767109741535,0.6922511638597305,0.49691367065363856,0.10192284037519211,0.4033882405384731,0.21268726531548646,0.7524611984637186,0.35486322899779044,0.36661896232889024,0.5288331940832631,0.5948533367608265,0.2737703869379169
0.44414341897584414,0.24727963003486472,0.8474057133607443,0.5057243897925627,0.6793024722121965,0.41756192172081724,0.7926002289498751,0.8347862233921922,0.7762243047072043,0.808576851466593,0.745216991610734,0.7734643493866418,0.9277576585787177,0.854945840339471,0.30796700484264916,0.26144167707304006,0.31297778684997946,0.29567641997244065,0.547025901725443,0.5492006218882478,0.49888225007888254,0.4651156993395561,0.804690800308328,0.8409690813274483,0.7324378895108123,0.7226731737154688,0.4287300311014948,0.13045767738036534,0.5009517860949712,0.1971824713239424,0.7263003859907178,0.3559176242189309,0.40795483491942486,0.43637212563568983,0.5611069335798404,0.2634309652746145
0.5031719169952553,0.14201326165908823,0.9045389998625615,0.4108746829301115,0.6607305574561769,0.4631650494280583,0.7942309079835442,0.8411145488369869,0.7756992368193509,0.811379803087469,0.7550975603578973,0.766573832530321,0.9476079559747443,0.8691686229639092,0.3106450211365412,0.26021946510777083,0.2988783712308617,0.2843848028505692,0.5170236941082131,0.5262770463619934,0.5085130317529355,0.4107963561450991,0.7800329497970075,0.8226694809597813,0.755451007864608,0.702595095421782,0.4059823191313607,0.12615447923095569,0.3217675821031119,0.5347493399769633,0.6985716715544897,0.37303879816530183,0.3832551407942355,0.43036697489655873,0.5042771695090013,0.23106649154961761
0.39141582754986787,0.24725873026765718,0.8222146867641962,0.4688955404651389,0.6820986855015374,0.4338600303489847,0.8041151002490172,0.8515326708226445,0.7821107078453073,0.8191248438017241,0.7724987693723082,0.7740558811669237,0.9715473120127276,0.9079106289461866,0.29470490760323,0.19923323451732858,0.25070858099805915,0.23210271834046436,0.4717541350666665,0.4664097982483387,0.4703650455439776,0.3691853340186628,0.7548511691182455,0.7895110385706247,0.710608163351055,0.7198759062885962,0.4712750741709232,0.1306035091314099,0.42637580526512414,0.2867677176994473,0.7792438998708733,0.37375402352318654,0.4592613221617853,0.3281448324376748,0.5776044129640533,0.22759277353829743
0.41845593335189946,0.22385936614379376,0.880875257133488,0.40219788244196786,0.7219778691347404,0.40395565046157655,0.8156131882140227,0.858795604768939,0.7878062672377872,0.8187862845057561,0.7728144374533903,0.7804747945851556,0.9722720788351827,0.8953376693045684,0.2871021370436045,0.17069639682654464,0.23529677721217007,0.2156867996143616,0.4411199924155893,0.4426207858494552,0.5080818456112138,0.23610477937155178,0.7436312182865621,0.7715302528006954,0.681845499759176,0.7426531187893863,0.4994751206154083,0.1357473193184624,0.3106756278731318,0.42647068114250397,0.7731651989506105,0.3565836570361409,0.6427319359564554,0.24948087747211029,0.5639236360974986,0.2078686605324675
0.5191049851204679,0.14780836752091148,0.9154247057722613,0.4091066311727136,0.687912362010244,0.45473070244036606,0.7967142744590296,0.8511728651227297,0.7767226743030957,0.8148584066142128,0.7672826780700923,0.7713054732811946,0.9535004388703125,0.8982659140039351,0.28916300359681446,0.17347973443651973,0.24184537406130227,0.2242078289231066,0.449946813898598,0.45189252771259936,0.4961169939937218,0.3039562256674533,0.7490789525414548,0.7750929786961138,0.6884795345356972,0.7084744337679321,0.48494971481444143,0.14628111157524892,0.4279461057158677,0.265681765456844,0.7595762852716648,0.35599713119864446,0.3641124467550467,0.4012971757530658,0.5543130497353301,0.21256083427442818
0.46837078155447665,0.16404609281142846,0.9053179346218589,0.38894501794979475,0.7056227828357161,0.3557656803504351,0.7943165081878525,0.8428158008895897,0.7705328655768731,0.8026099180291537,0.7425683808696266,0.7596617557170807,0.94929435209436,0.8809896534961503,0.2875200809806734,0.1988793137171234,0.2842233117185091,0.2694024968243044,0.4898248848434022,0.4745242684146382,0.5728643663062787,0.19946725640831042,0.7629820235147099,0.78146104719553,0.7512625402572459,0.6729228764497577,0.46236929593186443,0.17572682205902562,0.45821370907107,0.19587900103967254,0.7386316649852627,0.35054538865308427,0.47160853269813,0.36510373252791034,0.5335197070563087,0.2031133737396847
0.4317125893995122,0.19019352372342002,0.8194497212539776,0.434316233628265,0.6979906524739955,0.40574277725109575,0.7815376029423065,0.8318924358501354,0.7709066285411245,0.8040774483886124,0.7316930895271105,0.7801673896452906,0.9237103324925733,0.8619210619922524,0.2880685520236768,0.20363393666181615,0.2912699392565773,0.2775817699315748,0.4837224082535332,0.49155109945384234,0.479387120865952,0.45215140236753515,0.7590397504321607,0.777862657957814,0.7084107958320575,0.6695177086763463,0.4273819447431351,0.18262675023724528,0.3242361511445244,0.24068270391454757,0.7159340336441055,0.33408005801725876,0.4335575058602801,0.36077462338545574,0.5086531772780474,0.19886126839600404
0.48979847072424815,0.12909779264459909,0.8887557035391969,0.4025050056714383,0.6883134630545753,0.4435776988526954,0.7684086607317919,0.8308250680852854,0.7777132088752866,0.8135569613476066,0.7395430731696464,0.7997094954260439,0.9048153902625402,0.8486500002833344,0.28709156915012174,0.20730941956637927,0.29046286329512305,0.27935295774661156,0.4748464945445297,0.47255633842658273,0.541955377465996,0.2842942720756375,0.7381216400541448,0.761459345904692,0.7089482629385429,0.6772542283970541,0.4109474680524203,0.14375296960144895,0.46695127633284617,0.12580631831437306,0.6785809454241261,0.3321132600441659,0.5340215875695125,0.36689774606369285,0.48125987293942746,0.21191605076124553
0.424731812698734,0.1610529004804292,0.8694902859812009,0.43937993054783453,0.7342152543593745,0.4051170326996516,0.7585504626642645,0.8290005488496004,0.7923902491702779,0.8322365492429398,0.7187286801362571,0.8375101309978311,0.8881202955561599,0.8484397697293005,0.30421198332572635,0.25879870620138956,0.32540012967392584,0.3127765389559378,0.5314001956629205,0.5107742624958852,0.5807699385138203,0.3527078489562052,0.7596659650395425,0.7720302611307847,0.7470451990142271,0.6451143242692894,0.45451461069039967,0.13740307622182868,0.3279173429111392,0.23874950622593097,0.7381074597379946,0.32790188732815695,0.47834802112957736,0.3247477106487997,0.5769443135979032,0.2429064887886872
0.4974671635189801,0.12060447488392206,0.8750868269744949,0.4562964756119209,0.6888900567174757,0.5236432806364022,0.7629262013966531,0.8305436266725024,0.7999400551946789,0.8388698157820597,0.7180290633948384,0.8600151532701875,0.9041881563250713,0.8420089468183674,0.30838305864710025,0.2672644876783523,0.325411691610505,0.31088770736355104,0.5367901330037198,0.5202533165747586,0.6071026904041151,0.24471572056909274,0.7649720323637247,0.7712813726354438,0.734040775039716,0.6782385200359862,0.4468821914108207,0.18461538977494274,0.3612468933785651,0.31508127587405343,0.7423182019394157,0.31184801021273467,0.6104991219590019,0.1533827364417708,0.5848141236803083,0.2330808581914412
0.4570276269998216,0.19529230511903745,0.8748284806118415,0.45844658761233936,0.783248791544534,0.33419570724429815,0.7647406244904495,0.832684398433914,0.8067514740329342,0.8410196062452471,0.722442939343068,0.8638607763474639,0.9003776893643661,0.8552291424005694,0.3096942451255651,0.26273161534954914,0.3169350607987278,0.3010813338354962,0.5303076574328889,0.5253132576701822,0.5790553736101771,0.3094527757765624,0.7656421982182191,0.7842613641472134,0.7446749462194358,0.6780552992133477,0.4246407952209789,0.1569548310795424,0.3830888726534884,0.2509117986747135,0.7396990310071074,0.3143251671384541,0.41990082487389374,0.30870269687045765,0.5774637978898755,0.23563758897212225
0.5180636528805449,0.11210487979808503,0.9150306992236872,0.4312056356629387,0.7611550816450917,0.4222186267101641,0.765028479789778,0.8402825826384328,0.8158173094272473,0.8498651290321633,0.7181466607581063,0.8898199453298075,0.9070399372760798,0.8536217200097893,0.31276186454103694,0.27124746726761917,0.3094163740789504,0.29725998584506785,0.5443138283048334,0.5411971477644316,0.5087165841883055,0.518989519604137,0.7668632705687985,0.7823834592678434,0.7889855767524827,0.6515177521261047,0.41721826371172593,0.11871788656185583,0.5443081477975045,0.09102680599480045,0.7227915875992379,0.3096269399105651,0.3642269468795038,0.3869253652339608,0.561320995495864,0.24403521691746105
0.3937014420614745,0.19745040781714718,0.89298261895476,0.4637576106989124,0.7676596820268892,0.41636464424029174,0.7631260901156163,0.8358607716031743,0.8183123253220929,0.8541541919853247,0.7098912082256739,0.902637361273991,0.9044528031547228,0.8485153397910304,0.3115353446844702,0.26610179130881084,0.3069036765349819,0.29155775739020817,0.5342744778775972,0.535629536356095,0.5199750247645079,0.4689045387290456,0.7638452894201047,0.7812922958920235,0.688406874740179,0.7226757806835074,0.38509349438675533,0.10477994552745451,0.3655424474105306,0.3458756578056556,0.6987832467515765,0.3125408466770475,0.48392857650690385,0.28779314388552135,0.5368256992441233,0.2423962461240608
0.3899567238237189,0.17738056768969002,0.8670969381568363,0.4766878122220143,0.7508169222755975,0.4034963906216639,0.7627675049909907,0.8372464214103164,0.81679968652072,0.8521570014995021,0.7046635360292313,0.8992915037756991,0.9069599957302115,0.8387968037800551,0.31104130264714114,0.27003631134826356,0.30625466166616755,0.28932379014923393,0.5353620196424922,0.5317400504406723,0.5748289402726118,0.35333434719294565,0.7599802702301011,0.7769938622398712,0.7392711183025755,0.6570986464480648,0.3405002985879538,0.10991900235126556,0.23088211322843938,0.2756237895753944,0.6761181520199372,0.31820024343147346,0.38827449048811863,0.37833537143452667,0.5104908158039987,0.23990540903890317
0.38778576740474413,0.1770802486444018,0.8703156967930951,0.44029603449202664,0.7160822395972929,0.4827171525398719,0.7607698669359438,0.8364462568073536,0.8095339412091457,0.8462351899125038,0.7103005650377021,0.883885081720897,0.9012783525618444,0.8378562325813018,0.31226477064842734,0.2627761027401405,0.30223155066793095,0.284110047181272,0.5117612967463779,0.5241023217360303,0.5643281020888552,0.3722067532295103,0.7522391874835258,0.7767497975117142,0.727145091141899,0.6865799855706776,0.3875292104678789,0.11871303467171246,0.2979681448094784,0.3947812852364529,0.7448590636959236,0.317942979589234,0.465239037795152,0.2550850966733217,0.5939474262989609,0.2683819036515368
0.5035627170048252,0.10107065745967436,0.9335466827056151,0.4401328366222315,0.7345548855632053,0.43965029453782806,0.764900720895473,0.8412320001623133,0.8116438239884074,0.8480924607900753,0.7075048167831313,0.8912830370979096,0.908292475746671,0.8258876184538932,0.3084965863504108,0.26867859806355265,0.30645034749175337,0.2911083892242154,0.5328340950476202,0.5303412806384364,0.5284482730875762,0.40847101937880737,0.7707160763313565,0.7914132303963587,0.700540939313081,0.7142449537276487,0.4290651050632964,0.10056443454661124,0.2649546491869284,0.3265197122731684,0.7617458955478913,0.31573111709367685,0.5803258985800408,0.28549163782614057,0.62240401870402,0.26944667818918006
0.4435853650665933,0.1534990075832583,0.9160681349684051,0.4312975862797316,0.7343912487154204,0.47132129194536865,0.7641804752291477,0.841634287571013,0.8174184601342471,0.8507405417310961,0.7201217487709674,0.8937397340469813,0.9028093149974038,0.8410701542728183,0.3100812251328259,0.26355752457639803,0.29511511784482625,0.2782385982611157,0.5212517881741682,0.5228461430896298,0.5076040668182964,0.4733041146345426,0.7613840324275701,0.7808831009482119,0.7464938572679766,0.674965438763236,0.4279264263071615,0.09203077108628799,0.44172433937987804,0.18491819071127247,0.7570119676422498,0.30274029129088775,0.4011094854473282,0.3628918309131698,0.6057055574281351,0.2627675045136884
0.3975337962876975,0.19559641287748794,0.8991532049571401,0.43463850648187097,0.7826594952750864,0.3384468825198096,0.7730664474327096,0.8433789693041334,0.8185427669699195,0.8498012823225062,0.7088585943680137,0.8931463398762722,0.9078698465849694,0.8416427810637882,0.3096648971159889,0.27541953416139237,0.3079015738926486,0.2950621265839627,0.5507720101420588,0.5434026855601753,0.5748294340807574,0.3752411380087608,0.7786375498507527,0.7959247483726348,0.7535540911116578,0.6694352441075432,0.4136281483615504,0.05773950895845742,0.2465327645737631,0.4115564145105258,0.7513645003248741,0.30728508022715834,0.49125977386064046,0.3654146404315613,0.595003792939408,0.2573806886420231
0.4739332346137809,0.08999048508059443,0.9727249999511567,0.38368973465531786,0.7533050888046374,0.433515892792481,0.7801038652214649,0.8488531476666197,0.8209578296099451,0.8506298181166944,0.7108621474208705,0.8974509777537445,0.9122158020905982,0.8539565286928266,0.31335466403868806,0.2770397428507393,0.30308155018731414,0.28792542619689426,0.5331605108474361,0.552944738472019,0.5401490748404424,0.40815060972740613,0.7639375145160912,0.7876531323672114,0.7420066391624441,0.6942598247324079,0.3703764001393956,0.10333959033857615,0.39126952710644763,0.23868406666980807,0.7307917408819726,0.31842622487978467,0.5464818469245161,0.29979647559321587,0.564160906886289,0.25836112298584135
0.4285304259024661,0.16335366589220346,0.8668123460412167,0.49666825650214896,0.7840558223751767,0.4018914816038174,0.7860803809557813,0.8549040094818455,0.8296772550137974,0.8592823979037632,0.7089335567004826,0.9258149498734272,0.9288964462945576,0.8491581726240522,0.3163104657961776,0.2880754263381805,0.29872267270010455,0.2905542369005839,0.5542187144326953,0.5597048099235982,0.5500507511036924,0.4169507743558842,0.7620812529312517,0.7936668082394878,0.7072173091057151,0.7051440379363088,0.3460261830676672,0.07096012621586589,0.23765024805890764,0.32986028392057465,0.704484020998667,0.3163345172465023,0.4109144535803236,0.43634558427193265,0.5296943332971845,0.26336099824905096
0.45522313535549197,0.06986298741274044,0.8852779256660077,0.4631947217389989,0.72814504156194,0.5767482479058834,0.7887127926861329,0.8577428166995836,0.8349482643080652,0.8641172793595182,0.7059447494721076,0.9417399629962036,0.9303348106331569,0.8590375440178646,0.3186514321983448,0.2952404936822985,0.3025295590699204,0.29131183951042655,0.5656242439603844,0.5760342416999102,0.5091002359048833,0.5511722091022948,0.768512433801034,0.8019400689603473,0.7976847973687073,0.6471357418296926,0.3371106146506788,0.02271107107537429,0.300627924412505,0.3106720835918141,0.7117931004800624,0.3207613946368617,0.3391751208787865,0.45403192282886357,0.5568736971159878,0.2755173959720074
0.3959517413252607,0.14962320743453766,0.9239938151830179,0.48774761862010774,0.8005251404979424,0.4151943877791192,0.8044708014394658,0.8677524931049636,0.8432502409281948,0.8761308634526954,0.7153561491777523,0.9630873588045852,0.9329966132696252,0.8844039515282827,0.32557467106679494,0.3214510699932597,0.3192040548603482,0.30970306603571574,0.6092483342797115,0.6151550525282833,0.542411256407165,0.5208354138728379,0.7975465692242312,0.8255294860316641,0.7954443283021918,0.6598981607737147,0.38349820907073445,0.03159381988894616,0.28926293144413484,0.3231996515369236,0.762717261423344,0.3139281253538447,0.3847229197595327,0.4454465837559872,0.6043597318502898,0.27781430946534375
0.4168350211391885,0.10031240791719559,0.9120393108896214,0.45485046351526315,0.7871690486152229,0.47553854645400545,0.795964945948217,0.8672366764048753,0.8447233299755521,0.8714216501530753,0.7250421410376966,0.9728177803179174,0.9343717873367912,0.8705427032944628,0.3242412086660732,0.31490287649105697,0.30964884225674183,0.30238842650089165,0.5954281081457068,0.5730081435805516,0.5865452904964116,0.402297368941817,0.7770007495822281,0.804039096243204,0.7636609805293916,0.7061472882888531,0.37142735022125023,0.04987608836270374,0.3077660001099498,0.38530745553566803,0.7448880261200397,0.3093510567346287,0.5894982465922723,0.19660184303329975,0.5854414388356296,0.26246045592021117
0.39453644511323266,0.10275578766046106,0.9185662079115614,0.46509179186070293,0.777385496834332,0.5176651239005465,0.7969817921074177,0.8674131831762963,0.8507556142574306,0.8782193106736309,0.7246349691506464,0.9771117870186768,0.930499088086301,0.8769092530414272,0.32197946331986327,0.3172567755668966,0.3207961272457168,0.3152824626112728,0.6235305659392937,0.607629926649883,0.5447741697952951,0.5522892142690545,0.7982568578842553,0.8278193795922553,0.7575702420430344,0.6995427034684121,0.36834038848025413,0.02845788197036947,0.31128354726161467,0.3120952863423964,0.750334431883751,0.3025349669484757,0.2580365111846327,0.44127549220710083,0.5775113469566877,0.26811923709990926
0.3849816717861518,0.13381141977919075,0.8518353072454213,0.5263599569302595,0.81784004380136,0.44075735749551653,0.7962722246199037,0.868940401137424,0.8535019047583259,0.8823044993902629,0.7281498886549247,0.9806881821044493,0.9407414152457283,0.8784782745575195,0.3222274263704162,0.31461158181880877,0.3178408303734155,0.311020575027507,0.6110467224539171,0.6093872783263294,0.5663007907518082,0.5018580229742429,0.7881181965183343,0.8094609295007367,0.734196441546276,0.7131391491718988,0.3225498169920751,0.0695343981696096,0.28643685534197905,0.2761196036149622,0.7280208894226935,0.29572974205018954,0.43420020469880716,0.32187620841720554,0.5540878099056756,0.26142348484546396
0.40430649334298324,0.12478813030091901,0.8984563965943035,0.48336723996857894,0.8188422160206781,0.43314481799152416,0.7900007461925052,0.8627584812682159,0.8461867041714423,0.8760729280847329,0.7175767062559001,0.9732962794368322,0.9380120044807284,0.8728638711165639,0.3201817015775248,0.3110329984154593,0.33108907690494216,0.32127700869598796,0.6033226559728706,0.616276225534949,0.6037469751839855,0.42774202925830157,0.7892769182648581,0.8144363357731521,0.7126968562268832,0.7217776590102183,0.3066573523165659,0.05361217642519589,0.4023876459858948,0.236274391803939,0.7016567961212148,0.3002090161928335,0.5376820918881707,0.2571187962848156,0.5313279639206803,0.2493750176303212
0.3193094356853432,0.20683023367998554,0.8241403738592121,0.5094270152924735,0.82739876864236,0.4025595867686206,0.7794883816336575,0.8580263752033961,0.841146901429159,0.8690201251980091,0.712908810897138,0.9659035421861015,0.9234121748640876,0.8694387129364212,0.3102398240363151,0.29127979863264186,0.32141053141888665,0.3158012863668469,0.5788527828955771,0.5910678738516069,0.5633630384700897,0.4232206821273325,0.775497725421914,0.8006534847555744,0.7607194543263806,0.6805017799702853,0.31774772307353344,0.029704896299036443,0.4610921763342017,0.15966860988943232,0.7054271906513959,0.2851255138455927,0.4215485845990075,0.35480124119419015,0.548547377532562,0.2634449040927224
0.3482786007320816,0.16219603981095282,0.9488583421951884,0.4206646177413198,0.7863577309433224,0.4565000425411401,0.7828571263053579,0.8592193519993947,0.8389401353290703,0.8722093842472469,0.7183776055399789,0.9645054371564297,0.9221731703724267,0.8727360199615636,0.3142287386755356,0.29183531439102117,0.3162962764252142,0.3078579963491058,0.5790656905753473,0.5787688787838137,0.5997362322167463,0.38498375691966175,0.7829373999094253,0.8018290502087109,0.7633025839427771,0.681381048393354,0.3725052585837671,0.07664127600888854,0.44660423737826843,0.28780513167294874,0.766148328005608,0.2945466721892779,0.6123838372547815,0.18405745807595875,0.60123234339248,0.2572338813029793
0.3855270266045663,0.210983010782494,0.9536023405896794,0.4567063658804617,0.7696385665256799,0.499562966245866,0.7763084713257062,0.8577430752014865,0.8424697738763101,0.8723681048465873,0.7201779397594937,0.9708287978325935,0.9192877048675003,0.8607206367030945,0.3123726285265684,0.2841496980067906,0.3070244737960025,0.29591357356411435,0.5673702665179426,0.5671750331765415,0.5609315175379218,0.4486240910558955,0.777785435212721,0.7910679308751754,0.7557557391955357,0.7111242925343942,0.3847750393365733,0.06178443447104187,0.17385419266459956,0.3878051033242932,0.7489809785543602,0.2786097903063417,0.5364854511470114,0.33111064775996996,0.5881297450797949,0.24042102498438445
0.45861818262334003,0.07590445479752428,0.9082531820183573,0.44943084759335794,0.797941024335449,0.4152409369034623,0.7736755911864538,0.851656841543462,0.8370481285799021,0.8667620470212626,0.7121810609975338,0.9626264298366618,0.916546225407473,0.847433540410381,0.310541770434015,0.27966758124351004,0.31022513964445675,0.2981747078136752,0.5697898012019372,0.5609049249570456,0.5726568718643781,0.40781006830920286,0.7840009580524513,0.7976052502654688,0.7224122906625847,0.710031923589929,0.36591019142923215,0.10454648320449611,0.45695319253898886,0.20953409360266098,0.7611279326701099,0.2626977608491661,0.3579527983705829,0.33207597433547964,0.58439975187883,0.23583982449976265
0.334100790520926,0.22965741614309598,0.8767181556977959,0.4969709102920813,0.7446517925307592,0.48603237857493864,0.7709150249879109,0.8516593515554975,0.8328954037613152,0.8630165681298684,0.7126814394233193,0.957228324418752,0.9118384617857032,0.8463234339348571,0.30945082639556687,0.2745510586518344,0.3038737668222212,0.2912039522439045,0.5522537613851171,0.5470006252230574,0.5873151529773795,0.35059676690217767,0.7706280641015291,0.7897624515447479,0.76693789138513,0.6747970023873799,0.35045958402230754,0.1078718701591665,0.34783028705660957,0.2888308020795267,0.7467655992301805,0.27590092246839737,0.4271570758530563,0.3861409199003705,0.5648046648312453,0.21646583368263483
0.39919399190080146,0.14162887166728833,0.9339719408159028,0.43297729175773625,0.7796537241120196,0.4527096308445221,0.7708962624723298,0.8527226871829057,0.8321593419029238,0.8634432599336966,0.7114415229444011,0.9554444038341992,0.9048088125112042,0.8400939114102464,0.31138385229730636,0.2731465556244079,0.3023293909377836,0.2906921758131119,0.5571593549673474,0.5468093703271726,0.5266192562735998,0.4824861477043321,0.7745730081197653,0.7921442001739376,0.758577510615659,0.6712398771545866,0.3346946260444832,0.05737127252378482,0.408008762312638,0.2976655013661684,0.7220804854398765,0.2676325125180651,0.3627609188884911,0.38505492941606806,0.53719615918789,0.22033314546690952
0.34699990421849514,0.1560745917449513,0.8694078471977744,0.46986775177777934,0.7728001880837816,0.41771561636632426,0.7589392063701077,0.8476735079033434,0.8243647794375828,0.8600202951070732,0.7103125522452727,0.9468495487153888,0.8976629358248143,0.840098972644169,0.3090070020559512,0.2689494159594342,0.3013159615463852,0.28905767496015133,0.5561582758760117,0.5377546156603035,0.5883978427248447,0.3235158756808242,0.7693518494973959,0.7882364381325264,0.7359716728115503,0.6792865891480226,0.2838163856626579,0.10466297309945821,0.46831031602971274,0.13363899257284786,0.7029593105699257,0.2674349519260929,0.4890774312231305,0.3057150859779056,0.5193969468578934,0.21674865059208048
0.3527167257662758,0.2019487586372975,0.8761598779577005,0.49718236997546317,0.7281543992810252,0.5254353045725734,0.7599342662602473,0.8483559279426396,0.8194234686476201,0.8563574746346246,0.7069104109594556,0.9382457974478323,0.903316052022769,0.8308443346074603,0.3053378022987666,0.27042266265879944,0.31614800895515405,0.3046870947586074,0.5735806900160817,0.541562881728573,0.6062032428274458,0.2937954963584424,0.784086859191442,0.7917058236075816,0.7712179514965957,0.6711891619469805,0.3742962994363534,0.12705300409631864,0.44299816081223686,0.279483701728972,0.7921395955579481,0.271242296977245,0.39530189128626303,0.31704951945732873,0.6202336457005938,0.2332162103237221
0.42746209041823274,0.14845487245192396,0.9280922243118479,0.4491162044920066,0.7873591409955659,0.39170937402192896,0.7618066482743322,0.8460076376872472,0.8206530635505196,0.8551192248399513,0.7126503573644803,0.9372305484551797,0.900165588347557,0.8290705389283615,0.30535130016589346,0.2647222449051062,0.30934033425149543,0.29518201755274653,0.5483744513026179,0.5401054458396409,0.5411312820422691,0.42785217131214553,0.7747311339293305,0.7886129641862683,0.7276140678910861,0.6824940012749202,0.4302776478497803,0.11472669398607938,0.4855337066575769,0.1051321777637875,0.7985767560213215,0.2597032939573216,0.5983425751367841,0.18139337140635894,0.6309031945214534,0.215434646138229
0.437008242405899,0.09625550528482701,0.9530954936749267,0.4250530839761836,0.7502710123438832,0.4324605079834154,0.7585534839982389,0.8453772666600047,0.8208291207582012,0.8546662486356058,0.7129569708731341,0.935999171250756,0.89393486532444,0.8341957472796501,0.30425086387963085,0.2677948200995909,0.31192547104539436,0.30001629325462653,0.5708244144090736,0.527709395550999,0.544224732691425,0.4613662927561409,0.7832928629131124,0.7906173917166603,0.8027717230289957,0.6602044878279802,0.4323255389187596,0.12220335695047818,0.4017383327107605,0.17438503680964326,0.7916417199744445,0.24133742748817788,0.5890501792170385,0.1999373547545454,0.6260405634406743,0.19814526024834017
0.45228365852894936,0.07345614008684448,0.898042731126346,0.45950707611564523,0.759828745868687,0.416626097870683,0.7595339136300427,0.8429456379761154,0.8212583942181217,0.85438872845804,0.7077961509102816,0.9378847436603857,0.8915948429658029,0.829026472076807,0.30027467251413,0.26881821939954187,0.3192133410397914,0.3092568076793297,0.5738980256242542,0.540736514997606,0.5706004640793697,0.3390455651459349,0.7912341620620205,0.7924936512082523,0.7669479891292844,0.6669339648217764,0.4107698144217006,0.13390959397582008,0.29793330011661623,0.24097320480130285,0.7782550037331175,0.26116736878482766,0.7041846320701626,0.18020120876094176,0.6110236796587307,0.18627377649005422
0.4445023768499692,0.08126701747800635,0.9576929888928927,0.4103003295472008,0.768079184635066,0.378518221582427,0.7578099992277144,0.8415006821233084,0.8221962855658735,0.8580937400559717,0.7091493503029439,0.9414027830542969,0.889547818204127,0.8422873349191637,0.30367618106144706,0.26829122126221794,0.3170130169722699,0.30505412625306094,0.5651485485456526,0.549264242685446,0.5324207704438092,0.5163441331825439,0.7877873207499793,0.7913391993455765,0.7188813352877284,0.7344798544610189,0.3957626112750432,0.11864627491772212,0.43587623148237753,0.16213534467570573,0.7635960683946801,0.24534808698645083,0.5263095295507603,0.24800004499168787,0.5866644714121039,0.17285947437383004
0.39103605848831885,0.13300743708658674,0.9103633915722591,0.43013447104554214,0.7720144598851073,0.419815744946619,0.7544215632152835,0.8408976739850024,0.8181999452487903,0.8555539239537782,0.7059986683176449,0.9373178505815758,0.8863021358805108,0.8295438182220621,0.2999147390967146,0.26270832045367193,0.31719106054739443,0.30610727286591,0.5495496039289675,0.5502138940385825,0.607953560101225,0.3339576417400418,0.7778982375604853,0.788405086989497,0.7876201917845316,0.6608202003152708,0.3645502060299817,0.130916321991141,0.2689934102649906,0.31199170036425106,0.7415204513673614,0.24449590823431688,0.48045005711212324,0.28441195681944687,0.5577642382290603,0.17182590742646736
0.3637451005045509,0.19923210214020934,0.8355859487555415,0.525631131593065,0.7693196947654724,0.44021053933201704,0.7561786662815285,0.84153032090193,0.8226301826234259,0.8579138672164452,0.7063600897669603,0.9489465647979998,0.8961893509581635,0.8256620266880176,0.30194709741437264,0.26727380266318407,0.31060102429843045,0.3040368258902881,0.533312864525167,0.5529965601332082,0.5548568186367142,0.41216085600857644,0.7645000846040054,0.7889832682952194,0.7214414228842359,0.7116713319607988,0.3366958383798615,0.12038198320278437,0.4513629370313758,0.22140788287466273,0.7321068814832248,0.24473512019159172,0.37816452021438274,0.39952984088298993,0.567512699751375,0.1813372344322705
0.41006642249461406,0.0940380096757738,0.8672805227054725,0.499273483218312,0.787751252478561,0.45967778145598626,0.757963512373789,0.8497884467114016,0.8346117548320686,0.8720047557052386,0.7200962410157377,0.9692130173809806,0.8989231778739614,0.8470990384016936,0.3062769592186958,0.2772467469776987,0.3188116157808221,0.30949809858126615,0.5899495500028352,0.5654921947044274,0.5557504695978749,0.47632276567554255,0.7862127779660615,0.7976359733254021,0.7584370508016057,0.6818814423020845,0.4102017841957859,0.12305202737748283,0.33458678375257767,0.25615787255166445,0.8079086922407416,0.24207412085750624,0.3902772822698441,0.3811329158643163,0.6371897369488311,0.19429627200966343
0.4205445223035456,0.15271191712620535,0.937147538735281,0.43575498286096925,0.8001282043401159,0.43911152960932,0.7651008667259057,0.8467975457604604,0.8339820972363463,0.8714229059490904,0.7146191242439335,0.9694209911911371,0.8998503952237756,0.8413933052361939,0.3031853268762479,0.276507302949341,0.3207355163564215,0.31302528408810404,0.5785010170088067,0.560626500668618,0.5714909416675692,0.37360066607299275,0.7842273744252775,0.7862348858565427,0.7302241546684863,0.7242048367833894,0.4507840281743743,0.13131738977462593,0.5086477668629699,0.15221656419379334,0.798007503211197,0.23594182649371748,0.4445054767181138,0.3781926149071665,0.6302470882030637,0.16686193018356876
0.36459685312127205,0.21429947022882667,0.8535614141201132,0.52404750414161,0.7700341047172085,0.4668901294687003,0.763595196372233,0.8493668601357,0.8341994752621689,0.8714097967468777,0.7128023255008714,0.9703598388207738,0.8984140369649107,0.8501813848675429,0.3059203724249996,0.2839992734267643,0.3244248481508776,0.314348132512116,0.6005531599808768,0.5640570788781999,0.584697457115108,0.37189271828098003,0.7895029033635914,0.7904308033878358,0.8068512989502111,0.6588639163045189,0.4711728043130911,0.07280212098909727,0.493662798874677,0.170960512392696,0.7876073897590263,0.2387725814472919,0.31571769600379973,0.453453311988956,0.6268277822518626,0.15423348405015586
0.47343097712709414,0.03725629318224144,0.8791550472828107,0.4946986832875594,0.7720991671715831,0.5087192114314952,0.7821447377776949,0.8561221861249284,0.8418480182405813,0.8793725316253268,0.7151303683636228,0.9776141839505446,0.9135662954045753,0.8511093342090106,0.3097300305936902,0.29304828362749114,0.32517176679636084,0.3150263904674106,0.6026339769526368,0.579926204670069,0.5893921658095823,0.41862154568703974,0.7849843458190218,0.7940038755722943,0.7185031675891358,0.6998137643499278,0.42737745122467596,0.10343090553256401,0.2724084420703363,0.3291780082915388,0.7769425158586221,0.23852533632725403,0.39631474678944373,0.33684429276039796,0.6047210941808077,0.15116970759315135
0.3724587835976334,0.16733535231787827,0.8932765378828457,0.5002894530124736,0.8368787940780549,0.41895449081823355,0.7910920162157069,0.8618939716283427,0.8509405703860904,0.887010903502198,0.7262027341687687,0.9889544033061656,0.9168547961249356,0.8689755333765394,0.31616720712466495,0.30538835042673335,0.32095030164841737,0.31386928744736886,0.6080979332071383,0.6036358916315301,0.5724349931449956,0.456663858103311,0.7875417168605198,0.8002301308182589,0.7905122954001285,0.6653920988286857,0.39761244397329504,0.07583152276289712,0.36555349929689257,0.21512628138147155,0.7561252677615091,0.23602373999549703,0.48645239579377925,0.31390029541878633,0.5740968657857539,0.14828970231577415
0.39550910538184,0.08884065678916286,0.935863292638127,0.4558322165793922,0.7736346685478503,0.5828662387655335,0.7979636708906743,0.872065734294837,0.8572529118927397,0.893592236301606,0.7428857763195053,0.9960389331769837,0.9257629183772939,0.8700833431292794,0.3232001845007184,0.31036685854552226,0.31243000077854755,0.3078272713655942,0.6096663469967777,0.6044978659510921,0.5953330557911615,0.4159975718300047,0.783526959757795,0.7988455849191618,0.7372585881883581,0.7327756474151906,0.35905402332594943,0.07751060847775298,0.5643478736129511,0.13684157868313693,0.7300446240994583,0.2416244300258366,0.37717691676368686,0.4119195660051679,0.5425116553847927,0.145766355081334
0.3813274162134034,0.09123395713144933,0.9118607084230952,0.4944869125176935,0.7946979811135383,0.5089307702286845,0.7956217613955736,0.8724792516352283,0.8561673371342746,0.8963696252538104,0.7421604747674388,0.9950355842639871,0.919890793936979,0.8846448989232258,0.3215417460289882,0.30607142634938367,0.3188933003913479,0.3132651011554055,0.6359141456325195,0.6082620430845432,0.6165953214771602,0.393298587457217,0.7858755167939969,0.8031223154263714,0.7033908778062716,0.7277049016481498,0.3550939580761323,0.04340715714785076,0.2128100108525068,0.3645606853627878,0.7363335334083893,0.2499278765908699,0.5517137437632913,0.21515581897158834,0.5821230375296788,0.15964488480603978
0.28094785377328796,0.22450049051028004,0.8337871731606579,0.5460342988991058,0.8307460095027805,0.432103793550363,0.8091627334170362,0.8773291806776755,0.8603319751185636,0.9013000211724016,0.748736071828427,0.9952459057425576,0.9323553536970797,0.8828015552943462,0.3235235079023162,0.3178895244633665,0.33297408320266175,0.32392415884363496,0.6437335292836156,0.6305734233178619,0.5837727157852391,0.5215641825868709,0.8017916567039723,0.815595180145456,0.7754247003270458,0.6892968676852382,0.4289072601957034,0.027953750610818118,0.32818621651879276,0.3124615447374402,0.79196408961661,0.23397156538420538,0.46709527910744697,0.27130045669669206,0.6096674485775444,0.16755597733461636
0.40439357971131257,0.07616706330548217,0.9136925314766626,0.5171589851161328,0.8336878592758656,0.44569870182968097,0.797159992912273,0.8730893602984637,0.8606291909223759,0.8981981432315085,0.7509591190345657,0.9977213883277996,0.9324658486315502,0.885318929676245,0.32137062958378093,0.3056861815388345,0.3255899032471958,0.31923262999468727,0.6208492316704001,0.6209997229094575,0.5815972998832006,0.5214327920602799,0.7932926821209548,0.8027975158644816,0.7583446711231885,0.689787237927613,0.40636440674487373,0.05233942380155193,0.537096500002063,0.068831716263421,0.7647872542969022,0.2300886802883586,0.5153503675310765,0.29434444022859974,0.5873698307806409,0.15624158165941338
0.36951525595005186,0.1364136634626087,0.98385628269898,0.4223479851166462,0.7958157045004706,0.5557811689593782,0.7951022293523681,0.8773899383333202,0.8607886886233646,0.9029044295542389,0.7567460920527689,1.0,0.9446970686931253,0.8815992291164615,0.32223598318167046,0.3085452586309293,0.3262624790414867,0.32113883366501134,0.6327597180034741,0.6163476933092239,0.5909901896013205,0.46929035976682404,0.7925283600342676,0.8032767885420874,0.7166027966190832,0.7120559336767645,0.3920811540784264,0.0710061881106368,0.3751153132494832,0.21054944079828253,0.7664703775571442,0.21670791482405805,0.38439668409491057,0.3813011169788638,0.577588831222982,0.15280307352495903
0.3614682977503352,0.13197825887199427,0.8169207994069133,0.5872871039365973,0.8571791230006587,0.4130731702028872,0.7921930053960753,0.8738025959335417,0.8600624511318877,0.9023692083398566,0.7576336582580474,0.9998889070890769,0.9362775498130999,0.8896557019806292,0.3198047722559967,0.30410038632910935,0.32530990391348125,0.3188717689009043,0.6292858662774382,0.6185187849225834,0.6375869732355028,0.414244965963615,0.7923260078824546,0.8032552099942412,0.7324607644659169,0.7002367464054546,0.3718984644135031,0.07848873553177232,0.480212114106599,0.29956358754891943,0.7436421215460565,0.2264351583932936,0.3249364095714364,0.4760276941740082,0.5528818873636284,0.15599692787667202
0.34529453147668787,0.1301633962204939,0.9754032663486121,0.44878936742369135,0.857386984657335,0.3951671414184363,0.7868962286509431,0.8702558873622472,0.8566345537994189,0.8972105564706869,0.7523216592039544,0.9975886067703112,0.928580614754239,0.892931664873094,0.3203483178111045,0.3057169901394734,0.33205175766945794,0.3265302894192168,0.6201175343134423,0.6206510568362038,0.5754240748027324,0.4995175808724062,0.7875972623398892,0.7976887050686999,0.7261603596782077,0.7164383916269701,0.33478171178782773,0.09885475463967003,0.45189730788621124,0.13950775928703912,0.7151723858095641,0.22208008143704622,0.53396194624556,0.19201528019070432,0.5265497669999488,0.15183685951403408
0.3351158305845092,0.12205178852792914,0.9181113891304635,0.49238450314759363,0.8237405573208817,0.40845881793725336,0.7749290390273025,0.8644559220645465,0.8507708878080662,0.8966005437422175,0.7474813004917849,0.9959796885509625,0.9280739020612077,0.8746753783310697,0.3166463595649861,0.3046701553384389,0.33472378169820793,0.329089003558389,0.6141340544945992,0.610129778320673,0.6473160146385907,0.34723976417408037,0.7831325309764011,0.7986225261373565,0.7469492129948473,0.6654732745134974,0.3066238013806464,0.06265682267030159,0.21814626138840024,0.3568501250843644,0.685002044654804,0.22692198004034203,0.32808686132728104,0.39018293939052034,0.5050395861115689,0.16222872624029344
0.313940167328133,0.12083741433005246,0.9081652754245928,0.5051346095833391,0.8343018106436092,0.38106935864328123,0.7717447017973016,0.864042224406237,0.8470929864028918,0.894282215181367,0.7447350023638492,0.9925709396861,0.926801012321242,0.8721004888897677,0.3219810548565177,0.3180661708658211,0.34938511439943304,0.3427750355311119,0.6149234724648106,0.6214760363366751,0.6547792391681003,0.4049670926365984,0.7906644824954578,0.7993602420039168,0.6907449640731086,0.7406110166234714,0.3972865019047681,0.11384987728364127,0.4708857216709028,0.19047766145466266,0.7774236959892811,0.24273885656709043,0.3074910231243193,0.4374682023005265,0.6002948364559977,0.19055813201219107
0.3299985206549922,0.21581807117353596,0.8978361316597552,0.5569195567239056,0.7986604288662096,0.45180024654379125,0.7705520986331909,0.8612633895322422,0.847832235102522,0.8937331976488412,0.7467177803065093,0.9937775366581743,0.9190583709261769,0.8781753834023731,0.31882042246773373,0.3093045833865969,0.3441441358806798,0.33859005754805865,0.6235478823309218,0.615248618302822,0.6125405209506255,0.43835398940530035,0.7964325690230378,0.8029715310744237,0.7823839286887267,0.6935780775466621,0.4481651858220395,0.08978456254106032,0.4858203870030406,0.12977180604623706,0.7838116844890981,0.22235099959833432,0.4504292205664035,0.32532033951314154,0.598584088596076,0.18066345122288802
0.4254719110116406,0.016798075264444268,0.9609962986383745,0.46576852966315674,0.7968795895404109,0.5082303394809743,0.7662689188494913,0.8639283423750277,0.8543177974050138,0.8989567945701965,0.7583469971924681,0.9966614973587995,0.9083447981175774,0.8870045424410529,0.31684321557506123,0.2959242265647416,0.33152607038566917,0.32483655616763507,0.6133814526227156,0.6047817135745204,0.5871239786399639,0.4743146873387272,0.7939116186644123,0.8035318723614848,0.7647065633641992,0.695868422151169,0.42388796210097435,0.11357018315119383,0.2750760047747749,0.41727027478320344,0.7531452623852775,0.24421506689490668,0.5731517470662084,0.2420951015671484,0.5884930728833262,0.17945609136182167
0.35097183377848956,0.15427729902375853,0.9330396106930703,0.488811358219269,0.829723346932034,0.38882770675844136,0.7654123835971982,0.860247953317201,0.8567069473054493,0.899493348015836,0.7627700920750206,0.9976625945102409,0.9207535971909424,0.8708797623418294,0.3149617457767543,0.288457788107437,0.3170707883232764,0.30865945068136247,0.5915281463435217,0.5889950486406597,0.5580131960588582,0.4908778401520591,0.7866043878595057,0.7935236183887096,0.7784366027301415,0.6998453484995362,0.42398823301634214,0.07914583693794508,0.3836079202111323,0.1590560487752762,0.7533207049218316,0.21843105214131514,0.46481961220668444,0.3319406253126077,0.5802955093231151,0.1918780107120024
0.42781423005704644,0.0329052069554826,0.9251596440380876,0.48190091678465774,0.8648188691312507,0.34631092091083443,0.7658162335891947,0.8611332478001528,0.8596124352444816,0.8997281661054247,0.7640545649800498,0.9996449647780412,0.9187164167470798,0.8686393818210958,0.3145462240600951,0.2834874848292306,0.3092858706698598,0.29902026481290317,0.5912753180156655,0.5796476337896811,0.620292758057949,0.33748788478582015,0.779933876563053,0.7917652089560682,0.7096239087932229,0.7192335975435518,0.37722444042433523,0.10625343652192698,0.5389100784993847,0.16618837456395102,0.73439436784374,0.22059587839045097,0.3376568188161988,0.3964712801202946,0.5491705152571071,0.19006789320803658
0.2599936708246153,0.24627912535468183,0.8817554714939746,0.5426262593225882,0.7803621353061926,0.48150358960479006,0.7588373296047477,0.8568179613444875,0.8518707773625609,0.899943456010686,0.7615811486476327,0.9989095745021939,0.907258446302331,0.8699660223750867,0.31096090607470483,0.2771181298574445,0.300954047539136,0.29540541925117303,0.571433899527237,0.5656839863511837,0.575295394888409,0.4122879171427654,0.7751908148955274,0.792929548637098,0.6950264530923747,0.7434978470377588,0.3458304610089608,0.10070454377590465,0.2583529655730677,0.3002988903448676,0.7492115775101849,0.22874680942307712,0.5480359488717359,0.24631489211634128,0.5711387369462709,0.22491732593802471
0.27803738584101617,0.20550206223329673,0.9532724827711909,0.5097880085651143,0.8331768234488084,0.5027734316854977,0.8004025036356607,0.8838634463972521,0.8399349038066541,0.8879422928805966,0.7223163799701844,0.9764190618751343,0.9230616266048416,0.8868957740762428,0.30719560222316,0.3156732602266522,0.31354097348141885,0.32235282242942614,0.6023313221844009,0.6245356380976349,0.6430796739776312,0.36752814813417506,0.8515446486230583,0.8906322584473398,0.7055685629533239,0.7821853632455078,0.2902221949603579,0.048400076727224184,0.4784001442489948,0.21945714908916794,0.8746314492868947,0.21317455211671416,0.356664531457569,0.3621008283381545,0.8007190570520621,0.3484127978626674
0.2885001580057339,0.14965536380031758,0.924167298054509,0.5829722295322416,0.8908396507768174,0.5459418040793943,0.7660622255144789,0.8746725177116093,0.8500220655544324,0.9150358372893986,0.7767254251929819,0.9914732335974543,0.8916095116791849,0.84178141645832,0.28693854369269445,0.2498000771397818,0.2541082048881341,0.26463622184857405,0.5765305112705749,0.575973280758451,0.6103790036396582,0.30734283253277583,0.8515136337820549,0.8925615742201843,0.7213374473418707,0.7941671220168429,0.3819308568570277,0.004119887200091377,0.3829098937295954,0.24774663479974973,0.9663931103505712,0.2352259030228364,0.47036793557191164,0.2932406518375082,1.0,0.452293709191682
0.3876801500806113,0.05482036379692379,0.899857456995763,0.6098359141096596,0.8543885692464436,0.5763817673875617,0.7728651544080996,0.8723486832949747,0.8517542389137585,0.9089513938015765,0.7859888603874472,0.9855927159458412,0.8848421497554695,0.8503235859766518,0.28766820015269345,0.241991697018336,0.25171883289168995,0.25638696409263456,0.5618550475682043,0.5687416212446117,0.5655391564682524,0.3657120823710358,0.8391995321842134,0.8810437161047402,0.7312683749788302,0.7833250766639395,0.3582818341634443,0.05574839079606919,0.328394693064335,0.32371000251415133,0.9545887641395809,0.22779343945962693,0.4524778510404146,0.30544094314934894,0.9676555460164229,0.4393162479115073
0.34943850871404025,0.1005990526962135,0.9627764940433468,0.5722305660258722,0.9397998657288877,0.42257746399555224,0.7635588182922434,0.87129341493611,0.8623150242467554,0.920798181596405,0.8049576376401748,0.9858536823163435,0.8815227179347007,0.8444054947273709,0.2876770883324644,0.22382245323575578,0.24469317918761727,0.2451949449393935,0.5484167724854635,0.5530608159844802,0.5512494274051674,0.3959146535456927,0.8236695916072587,0.8619714106674099,0.717359454360077,0.8029374728173748,0.3698955873409546,0.0026931440145937513,0.470301487398533,0.16988872971624028,0.9095311279678567,0.22193709102602194,0.5887707275034573,0.1619349446571483,0.8758509813152162,0.4018388259849687
0.3699552994640868,0.12577656510872387,0.9228521327147017,0.5609656483498248,0.8903882611876407,0.4100005970075459,0.7571538181522566,0.8638032105008017,0.853080886734217,0.9107182398935796,0.7968310202311852,0.981605877018415,0.8726010795078575,0.8250350331296599,0.2901497133535026,0.20255190303299953,0.24316664939460605,0.23745408448957367,0.5275898462338144,0.5261703572807384,0.5678502699939639,0.31216611034496233,0.7927839390533932,0.8254294845404819,0.7225694694398072,0.7933959092976356,0.364188660542377,0.014863602979665491,0.3161674158155478,0.36530593924500104,0.8492931064686152,0.21832019949786302,0.4728539735929379,0.36149733870514245,0.7620062237120258,0.35905600336419446
0.3108380830687433,0.12151335957730613,0.9388612307684947,0.516800475112658,0.8848441491669191,0.41223039414698703,0.7536641225552373,0.8610653898891885,0.8603709214827803,0.9181222604735585,0.8160481289367791,0.979428257075124,0.8735396842835691,0.8322054729078454,0.29297580484019103,0.19984026806222027,0.23676053210703973,0.2275576081434728,0.5319541079248634,0.5524360505645325,0.5324237235623224,0.39041686678635734,0.7878469041346721,0.8315081370682569,0.6676895670039874,0.8352593869764253,0.31605597509691297,0.013452669251816263,0.5071582821212385,0.1880886552655827,0.7995482669257705,0.2111514083346509,0.5701046097599278,0.34680989868035716,0.7037193885428,0.356380659075293
0.28122299010299157,0.16409905254427543,0.9443450685973798,0.5287541949700874,0.8237474480108998,0.5073164756235528,0.7588827948492263,0.860303001653792,0.8615676424524084,0.917846985505694,0.8229859885972202,0.9745940464563738,0.8733162820261774,0.8356595576308713,0.2949645130494565,0.20740876044005463,0.23969303247164553,0.23138281361450505,0.5328569792168144,0.5610206264864637,0.5322386379456012,0.4489192591495403,0.7801407139334351,0.8200818684406306,0.7239739763076769,0.8040008933407508,0.28488110137839856,0.004506683831686009,0.4972052169482801,0.18426985925317985,0.7613757665712167,0.2145873075121712,0.5502458896364748,0.2972347440503177,0.6454916475771132,0.34836886261840255
0.2894847471352945,0.09991744056553381,0.9208640441674392,0.5548585611419268,0.8373095391943243,0.48339602338461485,0.761923593150384,0.8657688401007597,0.8602626521779566,0.9202188839396153,0.8356313461966802,0.971189880314202,0.8749279266763792,0.8357814536221763,0.29500911164846955,0.20490900676855697,0.2401101826014037,0.23106438689816022,0.5406089054995373,0.5540537080913915,0.5216465453564805,0.40773633913581164,0.7783774129394982,0.8119220788570721,0.6834777868555116,0.8261856259786269,0.2819696577897087,0.006242126489575561,0.31213120963833685,0.3130374454659376,0.7720231252473757,0.22149715319260416,0.4904532388558311,0.31704558475338424,0.659963133451432,0.3521266529942072
0.2997114774467493,0.13810382720169645,0.9925980446933327,0.4712668897109211,0.8385142942644664,0.5051677129787165,0.7819401156732326,0.8771329413458618,0.8720958288204723,0.9231745538534624,0.8562066358924327,0.966836173683638,0.885445661832829,0.8382159983263009,0.299150480829927,0.205582759738768,0.2430139062225511,0.23637817807865474,0.5529630796427702,0.5649480481922919,0.5773047827846582,0.32735423893250837,0.7853494469949581,0.8164907648874428,0.6834820821867554,0.8348034036498928,0.33849567820560555,0.027675259236412897,0.34612430900454894,0.35822900531141066,0.8157876416160412,0.23293056822975877,0.28855452309986135,0.5223644584054806,0.6649681501519284,0.3273751784276372
0.30671730526060204,0.12461151058213304,0.9606377223399519,0.5550641210560849,0.8496804987990582,0.5214014296473423,0.7812342367915286,0.8813891067940289,0.8832245756523069,0.9343234896635455,0.8908615865271143,0.9687685414176732,0.8893329687542193,0.8472543112967572,0.29359212653718936,0.18991062203919226,0.22994970654661784,0.22247456402593693,0.5253921305513221,0.5653247490649739,0.5247573553740456,0.38956237808478805,0.7687338912144546,0.803516366700816,0.7260838500056364,0.783509999150463,0.3438530284068167,0.0,0.34512265529793473,0.37597165399690796,0.7881465729550101,0.21134136146478655,0.30939903796372203,0.49470155427813434,0.6166093134827817,0.30133356915340903
0.29092092904008693,0.10611476110493395,0.8913600640123556,0.5307892686172546,0.8474502748117348,0.4932690080070136,0.7802213678403573,0.8728560520759225,0.8849571140066257,0.9340306444144384,0.8920557976689137,0.9483321964655866,0.8733140953654794,0.8537525933702586,0.3029587382342577,0.20240585903317693,0.23988040347798564,0.23566857131096874,0.5742671984652575,0.5817894095276218,0.5681759568861833,0.3921875858963332,0.77849535851546,0.8079417332666243,0.7453442094843723,0.7777596296385788,0.3128841615778852,0.03543420402728248,0.45704877214408723,0.24897927459858565,0.7776187263797933,0.20329148559171029,0.26343504334206014,0.5392240871567748,0.5929955810722078,0.2855343131400089
0.3250449645728276,0.05197532269543076,0.9229813309785666,0.5129320099076808,0.8493887775978484,0.5635960281812289,0.7905344259641747,0.8811814204900428,0.8938890639284345,0.9361817290271701,0.9066171321744242,0.9401449309568809,0.8868942498704389,0.8586472368434575,0.30433862443130283,0.20754023784408762,0.2485997735027388,0.24143579469870047,0.571794644563338,0.5859684116421644,0.5079670731922729,0.5066618025112405,0.7714087603403929,0.806132946370904,0.7005361513226757,0.7947180987447422,0.28338874974339934,0.05415281904450253,0.3485397040542936,0.366060031645719,0.748349128580573,0.20141844261313596,0.575446922514969,0.2947897290752623,0.5484283084023598,0.2700401764903739
0.24441821366729077,0.14925090480667735,0.8304094754310648,0.57427911021127,0.8511940872286231,0.5549930466719056,0.7942018769818658,0.8877534108269447,0.8976506979455345,0.9447873383841738,0.9218814857762645,0.9470681527686928,0.8863702033161642,0.8673845525587836,0.304824382186966,0.20047191641531542,0.24072750885643115,0.2392075403459118,0.5707248405718818,0.5922691774311706,0.5705194855498223,0.4241462276583214,0.7596665889050038,0.7921039182640972,0.7266614050761618,0.7389452839007435,0.2600167818763369,0.03841738789073418,0.5131390536367229,0.08057569821943997,0.7201040010141222,0.20764612899449075,0.5055305799569065,0.30710237942903473,0.503728270311292,0.2493216394172448
0.20301613633612253,0.20259052537195832,0.9019456187588448,0.5568460664048324,0.8685258147191688,0.4838847287450246,0.7953129551467663,0.8860041997202974,0.8969015425660469,0.941357039043343,0.9242322444329493,0.945975691871929,0.8850800039142594,0.865915523352571,0.30214577035772894,0.1949547117196274,0.23793425436757443,0.23671905946540658,0.5650553206661749,0.5721728846877756,0.5714891895380547,0.2882113445656703,0.7466687060870615,0.7795299257783399,0.6957243850821317,0.7723137677105136,0.23916052251803374,0.03300804135500934,0.4025935390217848,0.23298496438730726,0.6924175035102736,0.21495954940677126,0.42892331766175656,0.3920050229750025,0.4919566687920968,0.25649443141835404
0.2566539742545733,0.0832892720296381,0.9184456071413765,0.4988976239105475,0.8365084517323961,0.5824016163928444,0.796651697456581,0.8910509207651538,0.8963571330490978,0.9458043077135341,0.9267655436549362,0.9441948074932816,0.89257436074366,0.8644153064466471,0.3038663156658966,0.19699417614662756,0.24111525591518054,0.23727652897351525,0.5620271944457156,0.5825884771454574,0.5409318845932382,0.40606991182514124,0.7538926730142836,0.781170427961648,0.7295234765242367,0.756283160547666,0.29944099166271954,0.07162900566151392,0.3850140627120623,0.2957871909990898,0.7629265303025459,0.2116811199601652,0.39533534899069206,0.48167481728075,0.5663492122961215,0.27908632833706365
0.24667370823881193,0.12256763543884441,0.913448281902462,0.538571683872068,0.8766680594503542,0.5085227070103213,0.792916720501474,0.8864579982631029,0.899575805266289,0.9438723173106431,0.9269227173631742,0.9436187366448927,0.8954785082457146,0.8635853876484212,0.30170683705933327,0.19270193458917115,0.23897024429399633,0.23520394635635242,0.5570799187774278,0.5721683971100753,0.5878424818495842,0.3176834450063293,0.757813124896237,0.7798898367159801,0.750198259427461,0.7519082678812525,0.30982017540781615,0.029599027682468637,0.35360323687818773,0.31972085119381505,0.7445536987829735,0.1960351876501471,0.3846530941641647,0.43814306440596135,0.5480203163659506,0.2696824541403769
0.23600635389159552,0.12673936601829444,0.8568898199737172,0.5529814950890951,0.8871034482821252,0.4675991975194093,0.787176696436948,0.8848755186516698,0.8986757286899305,0.9446839987114386,0.9287115617231547,0.9440333251507279,0.8967939220681311,0.8654557358697694,0.3043784225014077,0.19611701090081082,0.24194700576101577,0.2367392994072532,0.5698623400412146,0.5773501185637692,0.5092374478142474,0.4817192485250202,0.7658467850382141,0.7898720961636021,0.6240332824231815,0.8363688467836355,0.2623218516412339,0.0765848601036217,0.6129332226469933,0.1655695078823543,0.7397836590412321,0.19553589387063613,0.48591380634677694,0.27432124631787946,0.5512892680130875,0.2662467093177379
0.2444248980860888,0.14866387266461484,0.8697669536785917,0.5510297843728056,0.8539475899779044,0.5370515621786929,0.7851914027788487,0.8861114832390042,0.8986599356494966,0.9439114956279782,0.927436411134946,0.9448730025415322,0.8922022421816029,0.8760393530994153,0.30225664606127345,0.19245509569835612,0.2366146822109727,0.2299869425643273,0.5443629261263575,0.5714599556863833,0.559604812486329,0.37243431955674117,0.753260955502969,0.7793040428644187,0.6823302021195146,0.7984065205779285,0.25654795801265506,0.06129275528138273,0.35930598115544043,0.23051455679724106,0.724411814424645,0.18455106392268622,0.3654492345042752,0.5187447019292761,0.5349351110024223,0.2690299464644121
0.29661229544652246,0.05907498035427022,0.9400664749903119,0.4745655847199279,0.8419379457312552,0.542206196354813,0.7889158229078232,0.8888221676948231,0.8964530733262078,0.9444427581991688,0.924957473278359,0.9442698632735798,0.8917605043460053,0.8758908935602217,0.30123847328708997,0.18857449503969123,0.22964477440241232,0.22462929041424354,0.5433349572455026,0.555084271957305,0.5258982292948701,0.4246684746063755,0.7475865113061737,0.7791797950956031,0.636907608095782,0.8410078237729313,0.22568415094615965,0.03593181123954414,0.24857661699839992,0.44939187853204926,0.6928881441067807,0.2015998392694197,0.3555891603962674,0.4545671743266142,0.513126844352288,0.2745630225278561
0.22757687692196213,0.10380259644248674,0.9178472017960035,0.5348751630309639,0.9052692147151967,0.43806717632784986,0.7889334256803626,0.8890406896315144,0.9004801965090143,0.9486744040806792,0.9398171664644821,0.9500373355467935,0.8900916335391816,0.8736051300688445,0.2970410646767685,0.1792057198752396,0.2131827629533613,0.204574551171429,0.520482211621065,0.557377219409294,0.5300205981962963,0.36358075480010416,0.7441889595186403,0.7797761755915333,0.7407396175143843,0.7478137354624564,0.1933497089162614,0.018851915520682494,0.4198609147145461,0.23187318792054928,0.6813032646700217,0.1984134685419628,0.31838554443696315,0.46289857297964493,0.5208747393194292,0.28219628636899846
0.21849273806390454,0.11018550901466395,0.8626309832454065,0.5352891658822783,0.8566548973347476,0.507837200470687,0.789299818664547,0.8902377414206759,0.8992830315387574,0.9458658814367449,0.9342702755037979,0.9467572964289446,0.8873464761085528,0.8740390426444437,0.3000578733891268,0.18502260698395326,0.22083220551172178,0.21168996727745862,0.546622127278621,0.547320522589177,0.5810899003911709,0.2916798018118717,0.7611013856797205,0.7889350221976668,0.7047959858666005,0.8001773601859005,0.2733650990398546,0.06671390573070796,0.3373665660790692,0.3139833375150105,0.7689889629353664,0.19453179911789414,0.49552182592127186,0.3393310399808132,0.6108047990134069,0.2980129045599278
0.26290869476944223,0.12512849769724338,0.9061098410132522,0.5384915552485181,0.8292874883340912,0.5885737972533995,0.792208973627237,0.8874391804305553,0.9005672732841206,0.9426904823390791,0.9341508846373712,0.9441894901068068,0.8849525402585249,0.8701041570644723,0.295118644067769,0.17690928376484089,0.21553639442535694,0.2049269383204698,0.5370814133482307,0.5351885585271556,0.5396525546389771,0.38074985714919474,0.7623375901570714,0.7828582067971233,0.7986182396723458,0.7462100337232851,0.3143945253031452,0.0463407624412317,0.32521600379336646,0.3464728985551833,0.7756031287281335,0.18846751434704562,0.5330162382555257,0.2291811414163161,0.6106425723184958,0.2761324713788704
0.3335665687735362,0.08161489494909924,0.9168975026395219,0.48576312493913054,0.8820799969275175,0.3915583768654458,0.7830491610270272,0.8808653980886159,0.8905693272258985,0.9323224932981405,0.9116217696996184,0.939161995413546,0.8756359150238704,0.8546477832018884,0.29157391470303107,0.16683686089735922,0.2108608217947876,0.19824188795762565,0.5161839103189451,0.5196183636555003,0.5553153187964759,0.26910029910624195,0.7593621498077345,0.787981693022471,0.7320321664727083,0.8026093543161748,0.3044217184950484,0.07018117769430049,0.5955515680885966,0.10705600872805449,0.7671256803209705,0.18482343230613218,0.5168095277266926,0.31070485539776643,0.6063751794810979,0.271764022824002
0.3109371239036556,0.07358583651761125,0.8902081096749812,0.5458707860649146,0.8765854876469273,0.40802111737472146,0.7817117065399892,0.8767383973571994,0.8822989460025612,0.9276222763332977,0.8860247495739588,0.9345543026553699,0.8611793509179888,0.8559111035412119,0.2875756017510278,0.16293374226392116,0.21161663867385772,0.20104538470728073,0.5050409668275613,0.5106169073823834,0.5368953252519763,0.330863427866334,0.7576769113723489,0.7820879737067075,0.708676594871368,0.7762158116777131,0.329281699209791,0.014336112663102696,0.5209632005860726,0.23391969982425423,0.7531962459518825,0.18124224131728833,0.4259708171597039,0.4042623736849317,0.5927513724139336,0.26996417069351714
0.2828735150623875,0.13644122982865825,0.9125998104948945,0.505365386707594,0.8267545095116235,0.5199092656506753,0.7763162162122319,0.8737950935253882,0.8787123529880915,0.9250516780496143,0.8789927337659371,0.9353412144324564,0.8641705722336321,0.8410129037581052,0.2822730213896719,0.1524067142972323,0.20326533187405554,0.1919073758482434,0.49865610378263026,0.4917387740518148,0.5059358134887771,0.37215783131908753,0.745255522766797,0.768380145422026,0.7212541913581006,0.7798132040549276,0.27693113125423674,0.08043992546526707,0.4020836482316164,0.2717108676888558,0.738798711361411,0.1829877418036699,0.49717995176809165,0.3452010578951881,0.5712601930999258,0.2640625669001189
0.2230424206495196,0.1495377464597959,0.8568910477431488,0.5579252637393614,0.8453757585324604,0.4972022076624973,0.7843527058905945,0.8804564046005597,0.8837393898555046,0.9304700007986819,0.8875288777276136,0.9372969396541541,0.8763442319160384,0.8463137225797872,0.2914282570045884,0.16908322786421282,0.21132560852612858,0.19792450444486198,0.5160372076857375,0.527983564210359,0.5119445951441771,0.4190591278525942,0.755544987874655,0.7835475426482127,0.7298906486366022,0.7633820692418709,0.24590803698306235,0.06395778683963371,0.41701885584767606,0.3287781403459596,0.7053720937694739,0.1930309281706568,0.44364356647027114,0.3272046914935506,0.547656898838301,0.26318353932227323
0.1709527097595498,0.21032632598050577,0.8437077514748543,0.5729144619234999,0.881326089020538,0.4309494069238836,0.8005042140532257,0.8893148083344584,0.8881680345478018,0.9399725709124689,0.9043120193713701,0.9395667165050422,0.8853471580909958,0.8716422814515785,0.29684990905841746,0.18212359131187275,0.2130061466118931,0.20337383509300422,0.5213584679255562,0.5323933622138574,0.5530277596791957,0.3320693127748895,0.752383575526442,0.7842323509534825,0.7209982365714862,0.7735791609751068,0.32351959038400263,0.019932671186442985,0.5956903054268234,0.07701951617482722,0.7921185771037365,0.19808600859432918,0.45352784101480825,0.3562244340759401,0.6360190127976295,0.29311934136437157
0.24458793562962433,0.1710638181225158,0.8761234697342202,0.5650214880937893,0.8778018939058213,0.45002059223479923,0.8155684892020443,0.8962687613467718,0.8997118280833756,0.943278323894293,0.9207309416691192,0.9431760951579089,0.8888546179109699,0.8616606006217223,0.2983574678036266,0.18210352881243252,0.20876795304113382,0.1973707434434554,0.5389939196352602,0.5353264744068473,0.5722646268600635,0.296934633953968,0.7681293386419923,0.7897591520865153,0.7133700411291211,0.8034849348042173,0.3148558829461311,0.07375008892320889,0.38413173843387705,0.23374379433736453,0.8052310007290995,0.18858546930193065,0.47260419555648797,0.43217166823314335,0.6520770552753148,0.2759368570165861
0.23396210984252613,0.15457905509778574,0.892959823176244,0.5678369938406174,0.8666641189932178,0.5086374648704691,0.8125214033103023,0.8994455237364154,0.9080038817102449,0.9484512957648878,0.9384996707247277,0.9436542036254921,0.8952299974650981,0.865316765508281,0.2979097506871224,0.18715271568539654,0.20808088698292732,0.19876057271605324,0.536251111139901,0.5496989758706944,0.5559746463266477,0.29248867047486005,0.7711306086462419,0.7924153528736051,0.7251659111923974,0.799980354908675,0.3113716389154159,0.03063861484010022,0.38472228087342797,0.25220728748965354,0.7866319898222567,0.19914585232171883,0.6499384971538872,0.27749978634529804,0.6393810078093372,0.2653760378628266
0.25127446405141285,0.10743707622575688,0.9139227419054718,0.5152912651373039,0.8765488591599593,0.5640819554258689,0.8278412223343782,0.9046678728327344,0.9145057381345094,0.9537464277119364,0.9439086189772992,0.9491959017936803,0.8952211211348088,0.8749984534043012,0.30185212319057236,0.19139464608143492,0.2062192956158974,0.19408696044593948,0.5452235874010349,0.5374789865656601,0.5690980508408178,0.2710795603123459,0.7670420403269452,0.7931334858205699,0.663429906991772,0.8442306235685857,0.2930475608765617,0.03902674667488559,0.37242960292339866,0.3429877633434823,0.77862949576603,0.19946924152691198,0.37578194811782806,0.44593834403537236,0.6236278815431688,0.25836841156863866
0.2499479152308174,0.133419780319467,0.8544431243897376,0.5870414427672368,0.8866113762755582,0.5148811852718562,0.8217718254640055,0.9062421798471325,0.9087207956093875,0.9522415079194381,0.9356572310263238,0.9462737195148146,0.9047530442892919,0.8733243388583967,0.30673711824607386,0.19493449819048797,0.21074505236063307,0.19907684020537958,0.5617771069094172,0.5529285141704001,0.5266383502356973,0.4334173764882152,0.7727750387985363,0.7997580328185754,0.7284868204407944,0.801569774648871,0.28843135526596386,0.01472556248781931,0.41321049633594853,0.17194009867164792,0.7680706652894225,0.17485327847853194,0.38154789022396945,0.4229743391550949,0.5970385492404224,0.2600639985209552
0.21861820836889553,0.1487952320906008,0.8516003629471287,0.5510874826850407,0.8369304527995574,0.6285967041398597,0.825681742651313,0.906711721461191,0.9065711806279868,0.9547695979309352,0.9340359503759896,0.9423434110744991,0.9038490662742714,0.8806593983286164,0.31127012800961434,0.1999772029852064,0.21489645268495366,0.2045453817399842,0.5532094062652017,0.5640513891835005,0.5431198570284157,0.404430218662833,0.7708547719184308,0.7998292469355237,0.700787743893756,0.8183031289909516,0.23552701246069474,0.04507298811860272,0.3843228047700046,0.17454031237909953,0.740712161128684,0.1927186138892127,0.49511372290874867,0.24607711526617654,0.5675600129943487,0.2560127852099355
0.30324530031446073,0.039003263105613695,0.8634485115756845,0.5609897022441629,0.8413479435076414,0.6053589227857864,0.8241417511516078,0.9030596161395841,0.9048815649936189,0.9482403367255884,0.9292127077214917,0.9408030971841571,0.9081671487202002,0.8744304000314902,0.31179552220360107,0.1987225717844127,0.21643641563081045,0.20754121163444517,0.5473061302478922,0.5731455590050121,0.4961092288498262,0.5264350606786282,0.7706686395817276,0.8012610380336869,0.7084568439880581,0.7928459310420206,0.27726820203022207,0.025897812447835955,0.45294241018793346,0.2710616261394865,0.795192144125447,0.19994217069167564,0.4891104691515834,0.44188605075877546,0.6358084530176682,0.27816166678990795
0.2783486199206242,0.11861134292753384,0.9193596657590067,0.53097946707572,0.835904738225707,0.6013650959466081,0.8280525995721942,0.9047975231263078,0.9026697637096888,0.9485587798547044,0.9256494058795395,0.9374148628467494,0.8983096819041584,0.8799123254225165,0.3114465670904083,0.19574927786167087,0.22021561992231842,0.2078400179085609,0.5517466519640785,0.5655793822609795,0.5472879024058084,0.4104749486457938,0.780735499056076,0.8038747961278155,0.681571980677464,0.8461348301084035,0.3084380282411609,0.05582923463350309,0.4178078739854649,0.2922253020364018,0.8148546543296729,0.17679373026519707,0.48912223339297156,0.3524336409026994,0.6427379874898398,0.26318552822763763
0.24860402707932572,0.15496198597953081,0.9005667640619346,0.5382412753455269,0.8615119217332512,0.5192462734808723,0.8140476582103009,0.8976951890888016,0.8942184488973823,0.9383601428718882,0.9049143668943734,0.9317744046795993,0.8881271009744229,0.8655523644332392,0.303877702394609,0.18485939391426245,0.21737025199521298,0.20474573847996969,0.5389762512513858,0.5544203133671591,0.5550279686169579,0.3577343141218601,0.7802241485807432,0.8089125057706108,0.706814665573686,0.8353498613259516,0.3014160263360189,0.04628750292186151,0.49417914356968823,0.17331063916656309,0.7986888845872906,0.17375037419288497,0.5717917712983147,0.3859340045774125,0.6324600563333138,0.24180160496218453
0.2577144360760095,0.16141256067650173,0.938860737069237,0.527954828226045,0.8063988080849616,0.6272976217295475,0.8104003124922976,0.8972522921862489,0.8895814690667315,0.9355033100912034,0.9028104947873301,0.930471893381314,0.8882453053023427,0.8613705894701693,0.30205997821510777,0.18275257557230018,0.21439550177316713,0.20282597401766161,0.5260109862967925,0.536704524907777,0.5347317313909417,0.39075688274248593,0.7754875801115202,0.7951336572947445,0.7226504651403963,0.801511124407394,0.29151157949025464,0.05606737126269795,0.3724621643348742,0.21796417360877385,0.7886403778275868,0.1645974890289182,0.4420400496443752,0.36453393416346236,0.6138343926185721,0.24403479196211464
0.2801181291375993,0.09879194016264731,0.8913655476350022,0.5287487316595131,0.8813269225196652,0.4582478690124724,0.8055400138614442,0.8941995008032358,0.8894556585579947,0.9386832980645801,0.9111031135970284,0.9328236495381677,0.8926149050023884,0.8563239597425194,0.30124062708536825,0.18020018869294932,0.21140921015498843,0.19974210661977942,0.5151319482384541,0.539354352287176,0.5578292870248663,0.3014165214584409,0.7695022852810633,0.795296858728137,0.7451190358107943,0.7704574410040264,0.2786650333014452,0.03306377219703499,0.3265997397430294,0.36623966344953085,0.7733044564905605,0.170114466658092,0.5768241659950898,0.19558976120309854,0.5860316442573203,0.2397099387175526
0.2450004935743345,0.11625487648072597,0.8453852759320128,0.5581255443791431,0.8618781316025275,0.5022471889841937,0.7978699813193826,0.8924247666834972,0.887102867240217,0.940278078771479,0.9125156813862227,0.9387114738948238,0.8762373441475704,0.8646119762305646,0.29487896454989954,0.1688972907204373,0.2005903183010308,0.1863030054459992,0.5054614054137463,0.507124518377972,0.5371419064006852,0.3046317371631259,0.7534329172773918,0.7820459772599349,0.662092688570519,0.8137345743221218,0.2321769512895432,0.07040405919725268,0.405911600715466,0.2522647489972546,0.7470501670979783,0.17774353693055073,0.4170601782090963,0.2830893644802517,0.5553733074102623,0.23465974549110594
0.19951889872813328,0.1651067793395385,0.8771102409322074,0.5368371651546545,0.8467853312059215,0.4883838018297346,0.7882549562699745,0.8870657530047927,0.8821754867490337,0.9350555051215715,0.9026317993966844,0.9367956762913335,0.8814986251674137,0.8447622391315193,0.29514310435206004,0.165319304782453,0.2055213427555947,0.19057671555896205,0.50844541824452,0.5184729905507416,0.5335768032569095,0.2916641700521112,0.7599928670655897,0.7876021337188123,0.7491348068058395,0.7571545973534914,0.2923554445408972,0.08459770970504166,0.4364926402604401,0.27030618297708403,0.8183211438209554,0.1696847316958211,0.4151266925195757,0.4685914233634792,0.643062396821271,0.26797051032530833
0.31733863022875414,0.08959662534503454,0.9713327805088308,0.47551296209779936,0.8523265790566276,0.4707472682591558,0.7912476523581199,0.887155477603738,0.8801270877029113,0.9314722344164115,0.8974817639619497,0.9333048736271796,0.8751308954858678,0.8469516186047223,0.2952642847516513,0.1656329566729653,0.20624621367775997,0.19311914399357955,0.5037260662315675,0.5118465767616791,0.5307253016199958,0.31876784241157996,0.7610279921649278,0.7832756057114767,0.6578904025410907,0.8296197632855469,0.34770715362160115,0.13064505961780648,0.5214693449480496,0.10882558010479912,0.8465317684398705,0.1597940457205122,0.65491555543604,0.24576532536105752,0.6732069023092379,0.26562517598387536
0.37135727920609685,0.023002411522783317,0.9999999999999999,0.4134889314014787,0.8276691773831141,0.5460398555037669,0.7837893376949168,0.8799869949843986,0.8770683943350337,0.9291635355332045,0.8896950863795198,0.9306921948573539,0.869446353562248,0.8348164417038423,0.29737395291421226,0.16448504834752697,0.21614995849294139,0.20037193632480454,0.5052972105731337,0.5186234176312525,0.5662936547715001,0.2653218712916715,0.7713885175210631,0.7903402907200245,0.7402428631835736,0.7762917450865129,0.36973527294502,0.09292601845127602,0.4276942928579026,0.21731434650580866,0.8282107938647763,0.16149583539459927,0.5161468305359831,0.3307185402422596,0.6551724850471053,0.25461616314443924
0.30832957860056076,0.08738430048852269,0.971524648875102,0.45659415591119923,0.8788900870409728,0.4235907221247978,0.7788469312250674,0.8749101790901634,0.8809746924758026,0.9306049220810729,0.8957538561025522,0.933945449746602,0.8696605340982959,0.837907144387672,0.2961197223960799,0.1684626848438749,0.2151775712196714,0.1999747644171903,0.5129747893122765,0.5199792550210313,0.5383563598654459,0.37377099786726103,0.7731091986880808,0.7863213332841501,0.6906030597443402,0.7973977984151746,0.36914000691234805,0.08803380931795174,0.2651015339606557,0.2935526215753815,0.8277122363360795,0.14989419054851605,0.4661722082811577,0.35476610841791206,0.6469501637209237,0.24903494711274168
0.25921703760002635,0.1511660793029057,0.8919266259713725,0.5189759474112583,0.837796364539266,0.5498286572763224,0.7770995307545334,0.8751415271891105,0.8756902298716547,0.9321798681698772,0.8837725403792915,0.9316282841667518,0.8685323050786635,0.8409873958699501,0.2987532069788105,0.16649782829167664,0.22302642798356975,0.20706530731285186,0.5208661812494343,0.525295713098814,0.5366525799144699,0.3484817617700513,0.7726779020719133,0.7842506853660223,0.7075124125589258,0.760354174332825,0.3314538029000844,0.10990996714410822,0.42986127104132743,0.23169308380951964,0.8113610825362767,0.15350343336923472,0.4902115498450036,0.2423100703336294,0.6213682398661389,0.24732313697899505
0.2981158668620021,0.11917658308545509,0.9047775806510744,0.5305219553079252,0.8282147380363671,0.5995022359971434,0.7807090171479394,0.8753307541016393,0.877543714069785,0.9328878274102429,0.8873677771888975,0.932319784192079,0.8710770397931613,0.841623230250304,0.29722610035075164,0.16918407763283397,0.22586814554032114,0.20818114993638634,0.5169342417233862,0.5199676011393504,0.5606686705864489,0.3003316149626876,0.7630451491597485,0.7790989217015127,0.6891926202678755,0.7583100593917728,0.308932410086902,0.1053663833144734,0.4241378571186651,0.21525893995365292,0.7891720596622185,0.154158244997256,0.4803792938894356,0.392247397825398,0.5855554703220135,0.2565711710463304
0.3212599828714091,0.040290404129281865,0.9330832628536856,0.4955172548667152,0.8475518539972074,0.4824757453365254,0.7767151315497085,0.8752873853668971,0.8752547619995292,0.9297540622415612,0.8848259454845976,0.9302756433880984,0.8731458069235973,0.8470540659250372,0.29576572018022695,0.16652504718984323,0.22813444969368363,0.21165822007193205,0.5082963755529739,0.5324693653267581,0.5192219289754895,0.35043780029798366,0.7691485003810701,0.7851132742287985,0.7326193269049995,0.7350700372348706,0.3418123250036886,0.07654779931729716,0.44579740745129376,0.20424071056279514,0.8220003571580061,0.15933984565996318,0.6530636916668269,0.20157366289039047,0.636560184819839,0.2649805408213635
0.2706531812421432,0.11915380985956447,0.9607434697420549,0.4795678554288082,0.8579897828391274,0.5368135240430196,0.7923599096064927,0.8866654016844385,0.886990735604899,0.9421653580941051,0.9100107149676956,0.9363816316696383,0.8870021932142043,0.8548509672126668,0.2965698632496126,0.16793277780429838,0.22085946775200127,0.20515197333863697,0.5136772099872118,0.5158004948938786,0.5568283946206456,0.29598993352395075,0.773774725583689,0.7821534180095906,0.6987126156339308,0.7883394846822247,0.4056071295667095,0.11189021342086403,0.41851006962953125,0.233827363714986,0.8614825361608109,0.16992702387340997,0.4329279917794454,0.31217334679990627,0.671270940224594,0.27528747667000963
0.28098951034117603,0.1445801204533294,0.9224614423053883,0.5408993509159866,0.8770834714239909,0.5079031158992166,0.7981720808946285,0.8903373614208118,0.8948175297042099,0.9475574344267117,0.92474811636523,0.9390403558570773,0.8883483108818406,0.8634227930966938,0.30201603068137206,0.17782281183502413,0.22366027844277137,0.2109559725490209,0.5185572147142243,0.5416891569365012,0.48471135390228137,0.47589470216786933,0.7801267249116809,0.7935019445195961,0.7745819296841921,0.755909101106277,0.3885780217782877,0.12301830858817181,0.5068320825702317,0.09604516515204775,0.851713058937501,0.1669604526577001,0.4067953766339274,0.3292939365472929,0.653773171842549,0.2663708064822381
0.19267501344478075,0.22526887220101183,0.9444301165218096,0.5059016570791213,0.9166198349847263,0.44640113463240594,0.8102739943637397,0.8945607697147544,0.9065779615296874,0.9577517874122732,0.9533845095738791,0.9471851853375414,0.8940914509333395,0.8761646865553971,0.30694386676320773,0.1774531333883875,0.21386653372140396,0.19850780947362967,0.5220607523907802,0.5365003892148338,0.5448899080351413,0.3728903820285369,0.777326715719952,0.7892407065791232,0.7681191103600769,0.7501746980801729,0.38702810054615605,0.0848990014915596,0.5418203164240867,0.1736267869440698,0.8488803911428476,0.1607389214569781,0.431845608347324,0.37366466522293257,0.6304638032123066,0.25266958999568156
0.2666609049168256,0.13386256880057373,0.8752353060972629,0.5377633439399228,0.8472437490104795,0.5857837070177652,0.7864074214095458,0.8801992089316073,0.8940090107743788,0.9443989275321071,0.9329094982487405,0.9413483873997843,0.865824140521887,0.8432926376248673,0.30472301995874795,0.1648227499800068,0.21524741797792407,0.2026354977027075,0.5284289177097209,0.535285512163095,0.551651197726551,0.35027511668540595,0.771422606505983,0.7891932236763444,0.686344507341712,0.7911167013542404,0.3673511962850809,0.10946864867720446,0.48275114655703893,0.23481967243449986,0.8229217347115301,0.159925635227619,0.5484683630714348,0.36652792539964774,0.604544725237288,0.24527271875326856
0.31596645277563384,0.06052680590834303,0.9038337119861244,0.5352115825652277,0.8238981546247014,0.6198642186627616,0.7825978683731051,0.8809060312600385,0.8883610160777864,0.9439801872774718,0.92869516966424,0.9382668829685794,0.8695364939530946,0.8489208124217527,0.30576460511676196,0.16995009212559328,0.22175385347474208,0.21033916136997047,0.5270853808428493,0.5433620187957432,0.541091504631909,0.37337619407916633,0.771984423700663,0.783558137311609,0.7103388761458695,0.7782763829286528,0.34030685253719595,0.09178706976864431,0.33409996272951903,0.33468664321864505,0.8024221719532563,0.16210386589278852,0.4217817701494652,0.2947036626742514,0.5760710637826019,0.2538528763801747
0.19135124749361676,0.193079423181331,0.8946881042922805,0.5613167863971346,0.8392793821547972,0.5764195802385638,0.7940754932628081,0.8881629098631556,0.8923477657808889,0.9482138506212932,0.929978659683207,0.9391267920179421,0.8684382638680637,0.8710999414204661,0.3075300769377719,0.17452875225527073,0.22411569996641167,0.2135565695132979,0.5282610915123106,0.555874710151697,0.5054480051371345,0.47132850079786975,0.7668042786298186,0.7871378649901785,0.7061831426389685,0.7651289460149803,0.28685300571033695,0.1237509471372727,0.4800622848307984,0.2622835888531795,0.7808533643058186,0.15279797117734034,0.3908300097171378,0.46175475364102986,0.5638121101118407,0.267074452010936
0.2256277998514931,0.11875030736941622,0.913360521689508,0.5205655334038718,0.8574273133273079,0.572603822316098,0.8010705289484197,0.8929230092584339,0.8956427818580135,0.951998381915458,0.9370494708629529,0.9383272961243625,0.8864297859649889,0.8677013768934301,0.3072578466574477,0.18085248116756364,0.23014072659799473,0.21936042926160806,0.5388662658962712,0.55229035027276,0.5332540459527243,0.39369064969859136,0.7686628315783235,0.7835743241776505,0.7357557723094607,0.7728228740410872,0.3930244784888217,0.10255762871558632,0.3930910830269688,0.20803361284052033,0.8567819769631256,0.16587610733126062,0.4432905811633007,0.3625013960558072,0.636219582891794,0.2776888440700157
0.24982796875807994,0.10842373900649055,0.8896461315928323,0.504071538119938,0.8357575899508372,0.6041866202377273,0.794692180863287,0.88862089568,0.8925792113885826,0.9484719775458988,0.9310491939496106,0.9361330761767801,0.8815482425214118,0.8602729299541837,0.30272148153928413,0.1702263033981016,0.22843626086015906,0.2157891162141581,0.5321402534308518,0.5509094446272371,0.5401519965112166,0.37205776543104785,0.7717499413873203,0.7816107564786016,0.7655195389541607,0.7221677622934162,0.39215137123885746,0.1280719698648607,0.4896636640587648,0.15939217607136508,0.8393818365518659,0.1614328123666955,0.4668836679648018,0.40198226328773257,0.6218359003424181,0.2596541266414819
0.27154128489851337,0.11168260281376768,0.9232140226968368,0.4935239553012562,0.8829398583924244,0.48075653954726105,0.7952715059563737,0.8871560712759554,0.8921391046215269,0.947340402264959,0.9298908821117693,0.9337925969301828,0.8955867095327743,0.8465972311945628,0.301837226488819,0.17173357918701201,0.23019811030978832,0.219659648190702,0.5505104547790366,0.5380180745720607,0.5549514543744551,0.32005297610963357,0.7758095096045227,0.7843650732672076,0.7223346170517506,0.7563277295536399,0.3768642006991773,0.13265424347356614,0.4168359904648049,0.2036612597909675,0.8350885999118649,0.1519614318340881,0.6358542553143804,0.2879151129117565,0.6182908144705898,0.252331417463279
0.1739745043116517,0.26046025114657834,0.8903718094591309,0.5630888550522636,0.8734453049900617,0.5095878121940435,0.7912832051746754,0.8843237619039133,0.8868789234602439,0.9410554645226181,0.9113084710425866,0.9306258889436767,0.8742282843190206,0.856519766944439,0.3008131827879454,0.16839365332972767,0.2312369355686074,0.2201722385425909,0.5321174888578682,0.5482562964101367,0.5287888272799934,0.450791647007375,0.7778291446432842,0.7838692300400449,0.6480396734021558,0.8083354323742609,0.3535874863814936,0.15048709664298904,0.2828815469111564,0.3037894337347725,0.8169186674640521,0.1422693959346757,0.38542281331229467,0.37514940535424224,0.5984908033695476,0.24584865603013822
0.23179511023602026,0.14801687914803507,0.8157540653095796,0.5849597906776317,0.8427907652504142,0.5132641900563216,0.7908168534849475,0.8801281931136371,0.8779326829801036,0.932617930527686,0.8910755274635085,0.9223585852880067,0.8680010882697526,0.8578091096111775,0.29959669485018275,0.16599534349932016,0.23890739773163266,0.22530481653081724,0.5266999508502204,0.5439428521472109,0.5599402087235796,0.32911324912516793,0.7767815469337278,0.7849222311694256,0.6871861722992565,0.7663166198867402,0.3509599681066936,0.08647747774308445,0.36756007418617637,0.35114380800678446,0.8031190079947469,0.13065532060632817,0.4008405689692067,0.31611742658905895,0.5715214919077023,0.2490634664878781
0.27186154090267706,0.07589786388477682,0.9354671282854423,0.4705314229528118,0.8554547885841627,0.5078631606652999,0.7850569749036806,0.8792343291526075,0.8772664626152602,0.9323774138211629,0.8899556635918842,0.9238433111700287,0.8708234304257298,0.8548282609967031,0.29671698390636225,0.16073861654411575,0.23348890283406923,0.21982151607745332,0.5049431769033644,0.5434100647628752,0.4733012730543146,0.5140994122417459,0.7715770816228146,0.7862479532349803,0.7491854678134673,0.7034813583461281,0.2865624733943361,0.1266813607661354,0.3037748663385962,0.28555810928324626,0.7731149092974712,0.1513262543383701,0.4103741598974688,0.31212998237848133,0.5547440462009392,0.253754865557967
0.18788990825718635,0.21222896272780173,0.9336566751473478,0.5146137623170189,0.8608517824660158,0.4946222169864353,0.7964036166909207,0.8862531101494613,0.879602694268443,0.9352115873441844,0.8969822265247467,0.9265785753578282,0.8746614499213633,0.8615435982057205,0.29913930911042563,0.16386499921348574,0.23025872430313046,0.21470334096044952,0.5269013144690204,0.5248957010007369,0.5600866334268695,0.31329237707357027,0.7772404005702431,0.7814533867936467,0.725667878826468,0.7653328857129857,0.39129828622608775,0.1588335722379683,0.4167222999193584,0.21451907770338335,0.8500954643580301,0.1608872093779592,0.44863818989741966,0.3672263510290664,0.6449493628585907,0.27437221333301853
0.30898738148448573,0.10623037314712158,0.931196858978841,0.4831934858158251,0.8361606132690991,0.5784000259792175,0.7965178855702709,0.8835108972195654,0.8810765103714937,0.9313638627477978,0.9036933483682605,0.9226404126478955,0.8742616723407916,0.8498664903419688,0.2935476294117201,0.16019898827015394,0.2244150019505275,0.21186935913309976,0.5212032445794367,0.5178618323335782,0.5113089037228105,0.4096615632129532,0.7820253661160563,0.7812417315695692,0.6943621677174143,0.7975722488509036,0.40540146865948634,0.1616826484313001,0.4845752905633222,0.19177746912106208,0.8540228028021278,0.13961884069172098,0.4173315030801701,0.33001479806967454,0.6410366047790401,0.2575704280745257
0.3066211070275053,0.1797391671072407,0.9695833672305689,0.49822710659888814,0.8408449894115521,0.5336503993790628,0.7857069692116405,0.8791161924833935,0.8724198027416987,0.9262403762075622,0.8841226862682846,0.9199933988840117,0.8653319673905722,0.8401535863077834,0.29199131349431906,0.15348970524432592,0.22268012921139263,0.20691793254107366,0.4994097276484705,0.510702201967021,0.46656354126299093,0.479732994527721,0.7824346158170383,0.7841278546891939,0.6837168316329612,0.7936732570755423,0.41526724716957963,0.1275914126863858,0.41077219400343457,0.26575131536603475,0.8461313970989548,0.14709753624145405,0.43518072780481876,0.3793446498732925,0.6350861877655996,0.2478856076741983
0.25415351251202045,0.17645868772537593,0.9246609801059275,0.5146794256312152,0.8300248215051526,0.5543188864232507,0.7820331935658762,0.8784929990878049,0.8734471582033789,0.9266881227532298,0.8809862242179146,0.9210606096881628,0.8625560878602054,0.838788888715014,0.2906324626522904,0.1480037037105526,0.2161113859926856,0.20046894031063855,0.4884634412230876,0.5053767981756108,0.5416744136686747,0.3036138643036569,0.7769784245039226,0.7816480754930957,0.6770245353614545,0.7984572967932292,0.3880804378177483,0.15863893207046315,0.28212714428605384,0.3628813286618904,0.8313909556332593,0.1451970663383642,0.3181264840402871,0.3766157457550112,0.615209196865482,0.24250590281760687
0.2405542440220165,0.1796695896530489,0.8601575407643649,0.5270938356352902,0.7739776458338201,0.630595075039086,0.7744271246681456,0.8754930572046609,0.8674633996976965,0.9207442652542779,0.8697154238538423,0.9186530262202626,0.8508630740949658,0.8296178024491598,0.2891791811839265,0.1437576235346683,0.2114240431100476,0.1937622467314865,0.4800789965663751,0.49239037025158516,0.5162758155928594,0.32978180466760904,0.7692599740268307,0.777649380086489,0.6705173070888536,0.7918582014135587,0.36918992633611647,0.11054688961935633,0.461764773622374,0.17588156133704444,0.801665275363158,0.15566032874267505,0.4757976560047826,0.37231290307661313,0.593787489087984,0.23285987842917247
0.297370252122957,0.16216011349168052,0.8839780210275628,0.5332902581406982,0.8364543408073214,0.5098838668725119,0.7706205853171559,0.869733922394496,0.8644290239322532,0.91773307295742,0.8539487186391859,0.9180493335736978,0.8611357993394867,0.8173800068389552,0.2912601151052848,0.1476736764233672,0.21524048946428687,0.19789081482611381,0.48561358972282076,0.5004324074327686,0.4891445183851813,0.43610315743907413,0.775193817859778,0.7837976755954579,0.770465727610135,0.6922348407858041,0.335072728309973,0.10629070185487544,0.183555436004057,0.3805553557906465,0.7808797611737393,0.14029719317317224,0.5530767170949732,0.3103682219922643,0.5610793375834792,0.23908143263728557
0.2757093855879163,0.11379244538041955,0.8628205591230567,0.5349557327614844,0.8073303443184614,0.5104561453963471,0.7722598853363178,0.8635983122649908,0.8511753724706357,0.9064568040669466,0.8058033068438379,0.9138821650634876,0.8387717489091411,0.8313227443484416,0.29529423672646976,0.15934839141733376,0.23084091790609051,0.2155867643151062,0.49303103371861556,0.508479136612073,0.49508439713250085,0.41979348838820923,0.775415143699783,0.7864564143991923,0.6911472614970638,0.7720486279025662,0.38482317905953023,0.19097291835555696,0.3492798080141922,0.308499404241605,0.8559504994798516,0.15354367272581065,0.3947143019091435,0.3113249459602677,0.6502752946077479,0.2558103579346568
0.30857583570246394,0.19309738072440585,0.8323074763673461,0.5764243722772259,0.7738608526055697,0.5702819916921379,0.7675744778089492,0.8623753515470807,0.8491776430467373,0.9034601080128699,0.7875244146664355,0.9137043572174205,0.8423296811137514,0.817706915108213,0.2949074243131287,0.1590188706040408,0.2383731149422705,0.2198749252118005,0.5012596437585727,0.5032077519705132,0.4737303825147835,0.4583540969507342,0.7957354946230493,0.7973497197256093,0.7358564850703968,0.7558825490669785,0.4496544820358826,0.15886397196657653,0.42337522889281193,0.21594995089841681,0.870169260425824,0.14540654489507027,0.5634133718720848,0.2630200585512543,0.6682104886191791,0.2392539855182023
0.335440320819693,0.12271642330926436,0.8446623273145922,0.5223519119542236,0.7944980773175805,0.4917192521732202,0.7646833058465186,0.8571512322499395,0.8478251182359173,0.8974804695709906,0.7774739307632509,0.9164290840126721,0.8361733112178461,0.8206149789137143,0.2927982361746204,0.15698476492143365,0.23298797722689615,0.21422779080508592,0.482270366006252,0.4937900186711535,0.5171881127284208,0.30904460868476147,0.7875236284015532,0.7849097598336212,0.7186485304159935,0.7440886035350343,0.4286685135537199,0.15450113261607878,0.3888386425234355,0.28891033713361747,0.8476721594114686,0.15304615671519078,0.5206734838646987,0.1702289200112857,0.6561184098830235,0.22656760927972852
0.35274478753373806,0.12778318324825733,0.8379176203645972,0.5273882887670829,0.7719587142970847,0.5495329884253282,0.7738468097959061,0.8589904537727919,0.8510366039616029,0.8982114894097872,0.7743153584870663,0.9142015290421526,0.8379225894878392,0.8299020637647792,0.29817860025959186,0.1672503066925759,0.24110534010318632,0.2222582779410152,0.5102176708376374,0.504462120303318,0.48247883709811845,0.4279918366222769,0.8030528452059251,0.7988513257360432,0.6906087148096917,0.7903112248756609,0.4158044569497514,0.14788628313715685,0.3020562974253195,0.3105364465511056,0.8512241240188481,0.14089022868313306,0.42377572388232215,0.37385526714332845,0.6452601434276057,0.21686831391938882
0.3060842412243046,0.13948337278983514,0.87532759609022,0.4553682903294085,0.85378491227855,0.3663220570824562,0.7728344908846634,0.8586746017253594,0.8518836319355958,0.8983064151086613,0.7738698648533797,0.9175703523126072,0.8484162525390654,0.8280456506700519,0.2974746947594107,0.16587145483116833,0.2382325814778874,0.22117796992644323,0.5105583285156532,0.5037310559561259,0.5095875491509984,0.403916492267782,0.7992992054988731,0.7997955111923183,0.709792030536041,0.778357978888911,0.38707680535545996,0.13272653415107188,0.4282697957788167,0.144228387798479,0.8324584910507932,0.14199685795163375,0.37422029278592683,0.4369122170374502,0.6237903986946972,0.2101725603804515
0.2966168489953802,0.13135458684426332,0.8711253337507974,0.47388552163921216,0.7991423481500552,0.45893421115828814,0.7765881858845165,0.856729654209861,0.8486895835614503,0.8957873560140956,0.7664356460742995,0.9135326533366392,0.8475755690786665,0.828879345836631,0.30096490635095374,0.17399474056618597,0.24863979067119119,0.23203879842636885,0.5166630023423295,0.5182818567756579,0.5451952769195041,0.29833120014206754,0.8019955147173862,0.8023137658481557,0.6901348366883963,0.762052181293458,0.34974240785121735,0.12448273536833088,0.35518201008616057,0.3267380138636395,0.8107224141193202,0.14694542627079132,0.5440645887335278,0.21467259080529566,0.5972230792979281,0.20112957845166668
0.21435611666401364,0.2400542269794643,0.7639863761461966,0.5783301826525824,0.8079848343530174,0.44862890975221836,0.7769341077746854,0.8565831203214798,0.8484080662193765,0.8926860903308125,0.7661400520549982,0.9124036194328458,0.8518978487968201,0.8144499583194778,0.2940238911788361,0.17033687651957996,0.24032769310869137,0.22428702250929683,0.4801588239570447,0.5075993204557085,0.499597770381187,0.39298754816238723,0.7861661686827984,0.7961358245617763,0.6814100903204569,0.7907793574867421,0.3226447005362154,0.15153706912010062,0.34613710895179234,0.20864882812859006,0.8127367428159156,0.15628724229573748,0.3594034901954297,0.45308765366936304,0.6261653211399423,0.21945901080847963
0.3031973354244354,0.12704784218473952,0.8715743006281613,0.4743679950610025,0.7604495879778752,0.5711179535847815,0.77981048950302,0.8617525115414243,0.8540736041997175,0.9038528470842238,0.7759995863793478,0.9170314798438638,0.8581447257647843,0.826623616806023,0.2998013567325998,0.1738284496152113,0.23650874428602792,0.22032111532178733,0.5261543831720489,0.5335467958256359,0.5386772768473812,0.40055315945420406,0.8155557362822936,0.8216846428718703,0.7651291565562965,0.7271337171306262,0.40051158292053235,0.15130850136245166,0.25620598651468995,0.36897078256088994,0.8907155760409937,0.15565927277666236,0.5162546858156328,0.2896075986944088,0.7216367706522754,0.23993012712678144
0.2639752126439402,0.22706510094322566,0.782021319176114,0.5677797830616726,0.8099606721879464,0.5792996140667589,0.8133574660227822,0.8774230294076761,0.8722230161130424,0.9072593490539127,0.8035082814818338,0.9257536538933839,0.8651351754283856,0.8384745988976772,0.29493283190376174,0.1863130129083457,0.2456229596702942,0.23372692677462686,0.48027905731964277,0.4971618554498376,0.5338616544096619,0.32268460835596424,0.7876434773489196,0.7994314307662653,0.7665596384649473,0.7312470039075407,0.4241009068730073,0.11843784749930442,0.4767362668394866,0.1908899154772101,0.9105608329585508,0.15674598601005513,0.48322344559314934,0.30946999714994333,0.7418573455730186,0.24710502068196658
0.3115859477475874,0.13740578954613547,0.8005281683504398,0.5618544375065271,0.8478255009630878,0.44979836986645677,0.7836294346288919,0.8623265809691878,0.8730338653905247,0.9134757487187408,0.8044282169685453,0.916742822374438,0.8601530531496391,0.8309609356996708,0.296526742121622,0.18340912705526988,0.2505700065292308,0.23968425457309625,0.5308036486957046,0.5400867758789292,0.530029666627014,0.40256160577749656,0.8184398919113898,0.8225244978008641,0.73855193094142,0.7607080237784429,0.3835856612872812,0.12930223150183812,0.2571901876146376,0.2766456392383932,0.8828251597295125,0.17341994018973617,0.4057317842264428,0.3460112321477097,0.7202711755780323,0.22482426548641432
0.28950597482465307,0.1480891910483082,0.8764492940202905,0.47126628753250865,0.8345964779623918,0.470347734190659,0.7900292560997704,0.8673079728748456,0.8755883458735713,0.914037769734787,0.8249897307798685,0.9175027407965479,0.8675456280966085,0.8371023213582864,0.2993806859955858,0.18832115678510916,0.2519795431044701,0.2411447296756336,0.5168847588801821,0.5381648668081361,0.5064561913757367,0.4439143898144824,0.7946338523665558,0.8035522644645821,0.6718569892297377,0.8185361426525619,0.36347808152534955,0.12701357043729983,0.5436578825291771,0.2034547726556165,0.864774103322995,0.15500787739137145,0.34382176936162745,0.32742557882379614,0.6899324563079472,0.21102408476989443
0.2120295005911059,0.21818408997511923,0.7946489782522341,0.5581528777642224,0.85360639900059,0.43157321563573176,0.7953657144085118,0.8691003801539685,0.8802436296383647,0.9184413881629918,0.830869817350137,0.9148039393223149,0.8750989177289694,0.8377136591001039,0.30086130406760914,0.19859111199375112,0.2621503310211388,0.25276848956686915,0.5413370674635732,0.5630630528741553,0.48877952902275995,0.5698345974154916,0.806660775117683,0.8164834855241723,0.7713173621229553,0.7363943719092141,0.3234045440749407,0.09521063023417492,0.5504576894952077,0.1641642538407016,0.8388876155747067,0.15455592161586768,0.4819165259947009,0.3069204172470122,0.6473548724099016,0.20371242044703985
0.2734585242488334,0.1269762571751719,0.8139134897557982,0.5151634907364322,0.8363523152967748,0.4885235123948348,0.7895505137196512,0.8704232749728689,0.8820116721604403,0.9227012452495271,0.8459978969747433,0.916701581750998,0.8655719300180678,0.8465216998142451,0.3000471211018726,0.19631542184136488,0.25793398825710123,0.25046794819826634,0.5387188461181709,0.5549543264728861,0.545017905540672,0.4323615933221424,0.787829414830248,0.8080451523903366,0.7222952534499448,0.7563755859587479,0.2848330755798084,0.10531544902815071,0.47423518479941423,0.12474759364373769,0.8112602743898912,0.1556768286012336,0.5638379598162803,0.2835450725355882,0.6132945043595495,0.20308450348268448
0.23634358553392668,0.16240101379877764,0.7585617293498264,0.5454411732217803,0.8349216988291513,0.4687744139956612,0.7907790719984797,0.8647390010257137,0.8762247390413522,0.9168993616640597,0.8393277241069041,0.9124447321124716,0.8573353201888735,0.8499995930259439,0.30072463739628974,0.19714684686436698,0.269881393801673,0.2643393483802483,0.5577418702860611,0.580232261313321,0.5520201749110955,0.41376841550957216,0.8059904609577517,0.8239484550038811,0.7353100769482609,0.7526481169574537,0.287129038954203,0.10117003049002526,0.529610815144777,0.20627242736041246,0.8562030510317564,0.16200133920523951,0.3895433358604765,0.3488438501839772,0.6773301024589296,0.23650323721071387
0.23368587585969394,0.16620711243611785,0.7980108282532375,0.5497401261022773,0.8633253095925769,0.4544632330679401,0.8109341728102178,0.8826299549325672,0.8994120050774896,0.9375064465083014,0.9003332366293114,0.9224855576422429,0.8861328299957153,0.8585400420278873,0.31398194343913255,0.21195253461668356,0.25556757190551604,0.2464552834894645,0.565142228766619,0.5843557664430323,0.5285321353655973,0.5000543956591509,0.8007341323251471,0.8258712160690763,0.7681848513997669,0.7568195517041687,0.32385870699652763,0.08467759508222211,0.15632728213930908,0.5396678444781121,0.8880419003801079,0.15667287692005688,0.27364918120242576,0.4496933851681342,0.6902226259369586,0.23179130163560852
0.33680661069649614,0.05516592148039623,0.8975708840796245,0.47852592453490167,0.8335838441219524,0.5648897911418662,0.8154894269893391,0.8862499732454683,0.9063504728567687,0.9417118363102421,0.9149889844978016,0.9248850209117737,0.8823357364026161,0.8649548785500079,0.31378698315866305,0.20796392570497335,0.24585155438409226,0.2395560525176657,0.5585138446224974,0.5740078886766903,0.5433823333530581,0.44373630252821417,0.7945383690541232,0.8237365499726335,0.7067975004429731,0.8025305965167077,0.28306191117385776,0.1002034899719621,0.4224646685161802,0.21352762407043152,0.8722567216381487,0.1495733903405132,0.520272954068753,0.23845681649626574,0.6662715204972325,0.21025520048299906
0.2580660909981678,0.09995638798299383,0.8283292877636506,0.5005025241845525,0.8376302323407985,0.5788131083371155,0.821501522917054,0.8939852603831134,0.9095926468523469,0.9474140550277044,0.9144520319654436,0.9235447831489766,0.8866056565198186,0.8736161679622026,0.31995491377424545,0.21428644162819557,0.251129383903106,0.24365153764260686,0.5739007576046959,0.5870845490698364,0.553872047792204,0.4266228780554856,0.8022479649269725,0.8163296275809873,0.6836232092720458,0.8302251142472499,0.27985190340628757,0.11476344794335613,0.1580264053823302,0.47527036934785605,0.8521373035476205,0.15671561040644405,0.4268502990319194,0.3986829816760399,0.6551339710255217,0.20601104379740393
0.3057410282024947,0.062109495933223235,0.9267510299421018,0.4491262947575174,0.8733601257909115,0.5183474352972978,0.8171201150029348,0.8893874071574399,0.9126317729451151,0.9472364942102456,0.9167252842422886,0.9208633015043098,0.8905075990675972,0.8831586301173087,0.3184414472168122,0.20734790038438153,0.2612212409847753,0.25094838628004434,0.5827133017985993,0.5928405975116472,0.5611472251442249,0.37333937221238994,0.8056407438357981,0.8182810982939979,0.7146652181616931,0.7945686905860063,0.2502429178676231,0.10007743171517769,0.3312289701359202,0.2664923100428692,0.8212795269893531,0.1551776381822217,0.4771436979237714,0.2836035973973566,0.6305867578046176,0.20643344268950187
0.147998242023395,0.24474586208713744,0.7639465369933656,0.5911628096487683,0.8818528038233716,0.4962024153640057,0.8145584057354496,0.8917250250835872,0.9146277095119104,0.9510813671105072,0.933250046929252,0.9246944049980161,0.8952950935140669,0.8827221625032851,0.3192199326298096,0.21139676340695024,0.2646585330146647,0.2551807632103589,0.5881217336896339,0.6134039835215337,0.5704093000375956,0.44968511792064647,0.7998854434896362,0.81659293716951,0.7054840986629346,0.8017563517967434,0.21294418573988544,0.0882487808849941,0.3673784645548671,0.386240993714349,0.7937296048265186,0.15630768684905932,0.4425206273706058,0.33529061521800474,0.6044867446597305,0.21796071178991072
0.1798829437734597,0.12456086094299873,0.8389187506365304,0.49551263568023207,0.8477051077921369,0.542081270255374,0.8167670822942715,0.8900345223461106,0.9220831949003427,0.9568814097595304,0.9514934563119197,0.9297208222129252,0.8981110326812913,0.8906453741153773,0.31921695769371605,0.2129600563439467,0.2670937123354767,0.25810916952831897,0.5864023239321802,0.6175995066424573,0.5532101491650171,0.5224452674066518,0.8050061785688571,0.8329666059492069,0.6828622156046967,0.8350076449258363,0.18169539070312307,0.09755411726524166,0.4212198316068641,0.16872793888070767,0.7932530711403571,0.15631541479121508,0.5520458288923422,0.2715201389884175,0.6254397868654666,0.24156816261689648
0.1799211098861381,0.16324086760947848,0.9017641937359,0.4715770491200105,0.8732912948440149,0.4829024202661416,0.8130740685012385,0.8936483316598522,0.9209834556677542,0.954438607277798,0.9494474635367769,0.9247623356131662,0.9068729209218084,0.8720537164320524,0.3212425560709583,0.2138464227320567,0.2599035157280084,0.25056901929180597,0.5745820703964247,0.6033960670868234,0.5570345232646993,0.45610574178962604,0.8020709085052827,0.8261519921829896,0.7264716145332222,0.7901983111165902,0.2612437050510614,0.13306879379506098,0.4326990502383058,0.2880157936124491,0.8607301488597898,0.16504104020781057,0.6869784847593617,0.19202959542037437,0.677674648889002,0.2468924200177985
0.26136521009542635,0.07586142365947135,0.8582771064756818,0.4848444882530204,0.9004617967583385,0.41917749244923364,0.8056083100601141,0.885023770504265,0.9097252804597542,0.9470234773768553,0.9288590587574375,0.9204511095114509,0.883962259198213,0.8770267521431476,0.31447235489120084,0.19969147980975688,0.25711986450470503,0.24381136017936333,0.5559982959516714,0.5636638968804127,0.5592625449642623,0.405934227092233,0.7951636223835621,0.8161602691663887,0.7157793349310464,0.8077845819926073,0.26691278383238515,0.13540469720766873,0.5723789414774445,0.14340322331276542,0.8450280455411923,0.15249321955625023,0.36069537901747567,0.3918747157119434,0.648198707230693,0.22657283829284874
0.21981240253734957,0.15091462586246562,0.7716188447791096,0.5748097494490311,0.8183899084710253,0.593419784390286,0.7756719177676832,0.8723280661437329,0.9066251784536694,0.9511939409659845,0.9395081801104881,0.9237238103417305,0.8697411509407107,0.8475466431523753,0.31274123827021016,0.18835056510366407,0.23748626634511005,0.22133805890306618,0.5390080487970517,0.5397577422899472,0.5142086043019706,0.4422877758869514,0.7715903730822438,0.7865945127735663,0.6861777213459926,0.8179120247638416,0.27360927947745,0.15213535029058506,0.539737107809041,0.2096377892736735,0.8195750859338558,0.16060140619641045,0.3845812613856271,0.6056577564827627,0.6368713268941032,0.2367728884709271
0.2676050496703496,0.0777379976273963,0.8334468905654067,0.5304601004497976,0.8232422888381227,0.4975501021934358,0.7629050831662066,0.8627601889807048,0.8995236967665732,0.9399628242548521,0.9261787464207374,0.914404695806377,0.8464447607908338,0.8564045100087214,0.3093217948483151,0.19169406697353578,0.25277297045178726,0.23722110881665398,0.524835305773578,0.5379989266772564,0.5581624680895055,0.34829366772332515,0.7787840794685996,0.7972835881443003,0.7376584704141093,0.7703201284576642,0.25254178062870597,0.1486225668287155,0.2156816261933043,0.39030145147902134,0.8050829468528988,0.15668365823013847,0.5630049252943575,0.29178420802187016,0.6070207579607985,0.23548351370192555
0.2177667945275888,0.11655338972232449,0.8056784096829115,0.5521884731640118,0.8223453742630538,0.5383267713631545,0.7594989293237415,0.8650741791384409,0.9061180797779849,0.9512924614910823,0.9478167152164789,0.921875386022855,0.8455044593123343,0.8521477246790503,0.2866110073505644,0.1434130570687886,0.19526546939064826,0.18019984465658268,0.45189175662396,0.48713833281877633,0.5077781832182999,0.3451170653293988,0.7552044142057729,0.7848580845474588,0.744543415827216,0.7615807351787297,0.23182219654167777,0.10916989153323059,0.42833829868384704,0.2689828099064277,0.7924781828829688,0.18854133962845687,0.42096295256869753,0.3380019155941583,0.5612115396110633,0.21967898868719632
0.20616512321266148,0.12134889145972622,0.8279700325264349,0.5836809753446103,0.8447819354258964,0.4293036119852215,0.7729600056404298,0.87910005070573,0.909774560711339,0.960117692735353,0.9685153216776297,0.9349052377952972,0.8313331879239004,0.8476810204982952,0.25217879245216307,0.08023185499389818,0.08912193754859143,0.08037500496673289,0.39237661490065184,0.44649429339253977,0.43986535212692757,0.36198575334820615,0.7302576524601342,0.7828314212298575,0.5894788719406672,0.8667141626753672,0.16847270757338867,0.07912669792452476,0.2762115477813084,0.25963182479344094,0.7845880063990069,0.2060778900004986,0.44819850457146326,0.3088181015963813,0.5207746077637829,0.2150721375319682
0.21366674593358442,0.09692120414790045,0.8200043127806393,0.5734048550451428,0.8328530710606924,0.4477871797530816,0.7916831733557617,0.8895164416520078,0.9088871602741762,0.958716001831347,0.9617066432863594,0.9340288124923312,0.8383990422374856,0.8384227432839284,0.2360004119816133,0.061200005009774794,0.0698310791550732,0.054116443861451036,0.37237371737721037,0.43263066377139503,0.4683103201508868,0.2640681537316972,0.7329657318744108,0.7811045445603388,0.6630340527006067,0.8233521627907898,0.22470995914905817,0.1589489000081286,0.3274974306220497,0.2944136213867073,0.870347805961206,0.2254210374178061,0.48507322069260017,0.24550809942630472,0.6162494815032422,0.24517025979921078
0.16614303522307122,0.2292133153768917,0.854930186470961,0.5815899439647493,0.8013397073446888,0.5044000450751192,0.7982716459351676,0.8874378687112539,0.8988774591148702,0.9480819914951301,0.9266171728761942,0.9243638098251561,0.8434592997316528,0.8476940263858639,0.2551161845201434,0.06648851049730992,0.08376971999691124,0.06497549152428417,0.41522555167402875,0.44507994708492277,0.4435393474548568,0.36865796172343807,0.7442243831940458,0.7858139162025868,0.7325813162850325,0.7597841253320985,0.297870709923584,0.11659823947357767,0.4836824711125871,0.2417296256780845,0.8741371334181018,0.20873182719744354,0.5131566741819005,0.3271561091160152,0.6252184002675955,0.2526119041815822
0.2726130819896775,0.11219288177031761,0.8779331580669396,0.5374342031366806,0.8324556824897673,0.41205787530895244,0.7633991667609663,0.864184114910344,0.8838617106156914,0.934331163133151,0.8808628018444388,0.9049013561176279,0.833538199020188,0.8194098495140072,0.2955590949447411,0.1444937372702796,0.1977096730406001,0.18413949330925938,0.5072573972337199,0.5107259915018534,0.4928605091556399,0.5043579060482102,0.7924121811348883,0.8173684105526515,0.7577090875178798,0.7389907216905804,0.2908767837515811,0.1032672156865852,0.328994942855063,0.30662349414978757,0.8500743647368819,0.1917664454470862,0.5096626413158436,0.39882091006593345,0.6138857523664096,0.2538173449082838
0.21680602341110142,0.1677452562718219,0.8843393056701886,0.5479551265590925,0.8617217522499485,0.38658709185916257,0.8022832753513602,0.8822262377631536,0.8909529139694534,0.9369436671563048,0.8399161605019105,0.9159207635984115,0.8730099749382878,0.8625649765169672,0.3121328128037397,0.1900458822143762,0.2251638291442965,0.20624441578912073,0.4918818606372791,0.5253147111991145,0.5287776504770735,0.428831761775475,0.7826776122863982,0.8077711165977675,0.6942017675654629,0.7895464347518868,0.2680393194656,0.15414599200997625,0.4972726456125019,0.16866133217337959,0.820114832767471,0.2190910015628228,0.4432005670502064,0.3638271987768224,0.6009340514925647,0.26115832389615334
0.253533708763273,0.12206135645107347,0.9049784201526176,0.5356569363564504,0.8400129509088816,0.4766930696151719,0.8033232372730619,0.8829127409680517,0.8833576955371212,0.9319667561588658,0.8066538997127823,0.9136620709480805,0.8774399451571179,0.8536446816520291,0.3125501440883385,0.20916395438863,0.2547608973542205,0.23409159415312245,0.5184359946627934,0.5490001277620639,0.5216237294159216,0.5501399675421222,0.8063684464667769,0.8287677347212727,0.711133598125319,0.7627586997621005,0.23314410942982242,0.15105463990979162,0.36165937176984053,0.48934254016870504,0.8022444232753723,0.2374906762698768,0.5930537428682767,0.2791417803165322,0.572565959879052,0.2867433929130076
0.18838195673611832,0.22231934454409338,0.8253979771933334,0.5839312560609093,0.831016191023288,0.4825325506645707,0.8137747241001374,0.8841929654090436,0.878287402656456,0.9297435361808186,0.8012541196193363,0.9195027360397263,0.8930756402408841,0.8474636607865198,0.3292448358474848,0.26359086340860616,0.28353098174446156,0.2697387064286316,0.5518784976074905,0.58058181558988,0.5990446294523554,0.4066775943740884,0.8222417520516185,0.8477635502399974,0.749171538854482,0.7064470539143612,0.19548668561699814,0.10176544295199469,0.6327479087996842,0.21190356343083588,0.787814820579074,0.22159380614243945,0.38854215963915006,0.3971372296762006,0.5437902969511919,0.3122113351900034
0.22047964233384987,0.11371693517741638,0.8089494578778693,0.5277086173561816,0.8075323422558599,0.5047508645228793,0.8126053445229224,0.883571207798383,0.873209907010917,0.9215390641564075,0.802780404271823,0.9257856138892884,0.8848010706158267,0.8580582998161659,0.3695199883189324,0.3685920423235942,0.35096779818946805,0.3434677368037557,0.5766156943782821,0.6271568370528958,0.6247899502375573,0.5393617023979427,0.8477793208840825,0.8751217755273248,0.714105564147469,0.7596500160155887,0.13327198736231405,0.1386820001105445,0.5763796360948412,0.08500796028154864,0.7590628424609103,0.23482022547711745,0.6024114087338769,0.27482047841282947,0.5636745947306642,0.34832141811141215
0.19640401198374643,0.17317738521395726,0.8706028784850719,0.48012620651986143,0.8167383966011352,0.5773638695617385,0.8213536130476784,0.889499630026571,0.8873235872323422,0.9332496655665945,0.8232935179115992,0.9320157037448917,0.9082578917420152,0.8755511119738881,0.39047834830989187,0.4107999190843261,0.3781453924644305,0.3745190883252487,0.5901651770379246,0.6536922888948086,0.6377901602219175,0.5182261581408104,0.8604448080774383,0.8753748941862336,0.7711020222781013,0.7718658042562347,0.22847458231709486,0.16448210812906933,0.4573163180208204,0.29514411193076107,0.8326039335907478,0.23678125965927443,0.5835643398984862,0.34999817780417936,0.6276109644690493,0.37799370682615774
0.24413114330356817,0.128994982639622,0.824935261463708,0.5195958506705126,0.8579433882794907,0.4864205148794102,0.8318747396795533,0.8928099310968962,0.88975510257381,0.9332525425010405,0.8384307852690802,0.9365095596525297,0.9091260787587325,0.8837075404135117,0.3777628056208219,0.38619807176926163,0.35874224701555446,0.35277195688106955,0.58603388235259,0.6073137151499575,0.6109267754041512,0.4601273816006614,0.8568702610745842,0.878282177056299,0.7120822493912673,0.8036349100369256,0.2250403243583725,0.14100383605708894,0.4483288208763917,0.3290944308250486,0.8149913398193525,0.26043444862377757,0.3283371723698852,0.5107496019722995,0.5914766650241589,0.3544882752835553
0.24922359903549296,0.057897433899043005,0.883830857577341,0.4628900567615428,0.8428376177949534,0.5239561387276872,0.8314525079914422,0.8981646467132576,0.8996111271795199,0.9425332314820016,0.8567461835106054,0.9443243081467027,0.9114751932204723,0.8837323027112683,0.35962884608552315,0.33602962615788284,0.3221280168660253,0.3146358897841465,0.591236247814111,0.6390406212778521,0.6078059215481505,0.47591510049451907,0.8620963557643889,0.8938018281527589,0.7747206818160713,0.7543250190296771,0.22184973519482762,0.1025871553248815,0.5684006452662616,0.14373173481944368,0.7977924777336951,0.26028982653129,0.5211104367067222,0.3871137101748466,0.5715639834827693,0.34082951036797643
0.13679472362095307,0.21738434697348896,0.820374204592319,0.5476829269380727,0.8323225422128686,0.4980904762151971,0.8400583844717416,0.899430517156112,0.8963124722907071,0.935901916861819,0.8420018167489562,0.9430714323122756,0.9144081524642447,0.8869181327045487,0.3550474665068062,0.3207134180299407,0.3184414884638905,0.3095923397547029,0.5699848645256451,0.6214535693705583,0.606415035211475,0.4478308970404344,0.8551096247379488,0.8815810162108346,0.7140332945196899,0.7970326534103898,0.1967338633278428,0.15001584732324164,0.4964307986745374,0.29819445118630095,0.7780529745654994,0.25064189365699396,0.45132446131626447,0.37384887458514177,0.5419619327582474,0.33038273404579144
0.16544096078699583,0.17832369958170968,0.758183966425021,0.572786980210583,0.8157135885963875,0.5811968722269747,0.8408410060732923,0.8981225395359844,0.8883820763139536,0.9308979433342931,0.8218934181075426,0.9394397097603229,0.9128875431109955,0.8755716614837799,0.3452813196707384,0.29241365529266833,0.3065278707246807,0.2930279031995074,0.562196133955679,0.5987559281137563,0.6254968793340223,0.4235000703360019,0.8445993428817771,0.8698053135603268,0.7450912846329754,0.7632366043337151,0.18549771161720421,0.13739180380031318,0.5123284565594016,0.21532833846363192,0.7432225085553286,0.2540027983642008,0.2674021413438452,0.5482687159401015,0.5099116026796143,0.3365915072575332
0.22156627153822064,0.1310451472987597,0.8316501136826131,0.501303182773261,0.7880811069126193,0.5690825105701743,0.8449962647891738,0.9002959847181744,0.8853537881087433,0.9325899736671475,0.818366411272166,0.9386319032000128,0.9127569132002007,0.878465341835778,0.3500219267698162,0.311145467360772,0.32258695978843244,0.31069344369969837,0.5643249682932552,0.6127438937557964,0.6390924233716374,0.3957823612865177,0.8470324784046104,0.883157255494569,0.752956480712241,0.7342980224259846,0.14606554132172933,0.11612410839668591,0.4705844244426321,0.3040807606222713,0.7142228295519325,0.2603871070994376,0.40224328130362114,0.4568994558559412,0.4775378561083381,0.34483657797395306
0.12957263037475858,0.20954226719287952,0.8152096235676369,0.5266455602393807,0.8185577477742559,0.49828010585671645,0.8388764488080533,0.8993900376165964,0.8879800084846655,0.9351859428311788,0.8323277312770394,0.9429116928024404,0.9037375112973396,0.8841609413625124,0.3484844724149747,0.2825989811182444,0.29795080735221297,0.28214023275204114,0.5490466736817324,0.6155767274959038,0.5625999892601682,0.5215867209554741,0.8407653795995571,0.8783077641630436,0.7723974177995219,0.721914874678676,0.20411146240953268,0.10321025692164715,0.26691556782787457,0.3489150866731798,0.7675672549765877,0.2688363068443786,0.44276158145815525,0.35339281340457934,0.5526481672455184,0.3832220600855817
0.17445974309996534,0.20719321380008987,0.8181297143396166,0.5315147703464506,0.8039081009490162,0.5769697745368669,0.8480624414703903,0.9038965627204608,0.894096826945915,0.9364103224155454,0.8368749638593413,0.9445643350011941,0.910626341250069,0.8859406291403453,0.34612410221653517,0.2809510199499209,0.29305925508884473,0.2745611213362433,0.554433929012361,0.5962624563908482,0.5777311658930051,0.4865148766646834,0.8475711589349949,0.8728663777105833,0.6837851669215177,0.8196921562212671,0.2061331683519704,0.15899910933920774,0.4718499911785559,0.16523085589548817,0.7801868906780498,0.26262759928423446,0.5989626138245493,0.34564164610297854,0.546680698384551,0.38011615601996096
0.1690345596605472,0.18373796745874627,0.8387489003395778,0.5097944828851217,0.8378163808579748,0.4610468988243357,0.8367844661616768,0.901688143503381,0.8983551791704519,0.9434508376247197,0.8576462969165326,0.9500389800156269,0.9014120141757385,0.8826181291500206,0.3386282935935204,0.2612403700989834,0.26127005259987574,0.2416774400567286,0.5155409024397992,0.5620618813027017,0.5290163362694842,0.518958360095514,0.8303435572082092,0.8652682443676272,0.7467579889687535,0.7793832035788524,0.20507174829280755,0.12459216396967787,0.29310295584126483,0.4853246332498867,0.7565436943308093,0.2533284016383121,0.5872646297659598,0.31408803190754797,0.5237281960560279,0.3490032007049213
0.15316326062885283,0.207416220936504,0.814655221455392,0.5619064379594753,0.8544685591486908,0.44705200475005125,0.8370760532937372,0.8988899782638321,0.8956743603419329,0.9414886927401696,0.8500530236920525,0.94655285611564,0.906147087965373,0.8787210133815386,0.3397909553620708,0.26526053778219905,0.278072203089245,0.26214865108912533,0.544913537897115,0.5825617909322948,0.5883394281992115,0.4105314300843629,0.8446344010724403,0.8678854411802932,0.7330127342658652,0.7590752230466645,0.1784054815502251,0.17196270687100174,0.3996662232862966,0.3520750622902336,0.7305505928783631,0.2527167088478613,0.5544216183793625,0.26748022507609776,0.5040262899602718,0.3577801221051736
0.11731640874663463,0.26232938049071675,0.8264440421932631,0.5469816990344438,0.849992489580147,0.46104496114762095,0.8114604926388396,0.8869534092116732,0.8815666117723537,0.9312558794211225,0.8103745741026257,0.9380334664481629,0.8888459199623842,0.8721848039735642,0.3621975794936405,0.32620072048238025,0.34056667061200563,0.32358654722781677,0.5571887137633935,0.581597319397874,0.6100166900904348,0.4011835844025897,0.8526842833019,0.8639453758788818,0.7862071775052871,0.7138226419255217,0.18132057586567246,0.1411021874567061,0.41915587121511944,0.23664204624905344,0.6989816280882966,0.24097644743116436,0.4102024364276281,0.4135100862991558,0.4816816909122309,0.3725291517542426
0.19688620986586247,0.1026876665137636,0.8030096270413116,0.5085154457751367,0.8420002570590968,0.4222882566110596,0.8065324170545006,0.8775671461555523,0.8753948515085106,0.9231732074476557,0.805686813824654,0.9403189913965547,0.8949992726826459,0.8669106662069614,0.36234726940038575,0.33023629667799814,0.3401158696795863,0.32144121646141527,0.5286864971343657,0.59093810793917,0.5527635460884325,0.5296961106024505,0.8447475368044097,0.8611074796333764,0.7052196604031713,0.7789385794435255,0.13803038380902044,0.16225018710035166,0.3541330076526551,0.3049039349578182,0.6735848067587279,0.2540304917572645,0.36486437239101255,0.40069296947856087,0.45280365284236923,0.38392681829263703
0.09249904852951307,0.22955360298190106,0.7912910757194594,0.5456002893914036,0.7836256092803153,0.5728634739544252,0.8079213996656526,0.8798500839486847,0.8754805423089106,0.9289581383737452,0.809971706103297,0.9407910998965328,0.9007992826162257,0.8631495183574258,0.34998338011945984,0.2990972902629648,0.3187795784675774,0.29783075565710604,0.5132840513318504,0.5815244167232304,0.5535510788120309,0.47059943668741333,0.8333106676253053,0.8577732117867412,0.7091210853687411,0.7547093544823944,0.12452197066754428,0.1567912256745208,0.4646082574448142,0.26271367602687,0.6638376395905123,0.26879838527162453,0.5161415691681025,0.28325522137585135,0.47952072898025927,0.40799554208985017
0.2204580887711943,0.07379217247829756,0.8505647388057047,0.48875451293840777,0.8354190512371151,0.4600791119992096,0.8064741589214577,0.8797595771716542,0.8819525615677575,0.9343700970924722,0.8189781598877585,0.9440675865228645,0.8969869097985587,0.8744024978289595,0.36255001110996293,0.3265530099746074,0.346827448525822,0.32902072545906846,0.5494412857108267,0.5920082137593954,0.5955106804138096,0.5079075747982925,0.8532490773754602,0.856530799047927,0.7869111858053344,0.7328404666100089,0.2340124123343426,0.18800183951314708,0.4666959163297084,0.2137218497833593,0.7391840395640689,0.26406918859390505,0.5307149010677201,0.2767235194203766,0.5498613945550647,0.4281277288250681
0.2213339361697603,0.11568532527342285,0.7837978131851622,0.5623195858758979,0.862507337166293,0.4282194373530785,0.80581954392974,0.8736578639383927,0.8781032174907604,0.9286925823292871,0.8080515238617667,0.9411693767971895,0.9053759408720317,0.8667330025279931,0.37260286339132664,0.3649275608949296,0.36973973338583666,0.35540066263241205,0.5346012010923294,0.593685144803018,0.5661947024969436,0.5458377725576674,0.8477108862605909,0.8587472832854726,0.7523478023971423,0.7511100503377307,0.2546739608782674,0.1930426553351401,0.4253287847900043,0.28899544006916716,0.7256871684391054,0.2361421647749386,0.4603325096441645,0.4384308403602968,0.5271578553534552,0.40193379978687965
0.20950069451127165,0.12298598081174739,0.8390913487573495,0.4834037030961005,0.801145089744671,0.5119291564688916,0.7950776142644164,0.8666502075627356,0.8761026260621962,0.926018811828386,0.8078620011431801,0.9402384829433545,0.8934717750558885,0.8640415906458769,0.3691965115518845,0.3574411251280302,0.3595506405440613,0.34353333666525376,0.5324930071358251,0.5773128519196342,0.5673511779312985,0.5001758908439435,0.8452205343891636,0.8571256502723873,0.7517172418354572,0.7445797676260125,0.23213802464537137,0.2181217505766383,0.548987195359616,0.08354608132680211,0.7090478196407728,0.23861234416594873,0.4999390925304214,0.2789000061088286,0.511085222763084,0.3817516579101923
0.2396367228811297,0.10474009224119579,0.8768344289687451,0.48042659980190017,0.7764930693694106,0.5250530880973974,0.7992144537675856,0.8733341648745037,0.8775592070729258,0.9271607299732071,0.8048945496558509,0.9359833315176073,0.8849295345514439,0.8508279482735672,0.34601931095541183,0.2858539043241688,0.3087395362340557,0.2901731729598448,0.49441571094431847,0.547666717305868,0.5232383770758662,0.4958422742119401,0.8100257912562271,0.834092957518204,0.7670759623135694,0.7130516309441624,0.2507764247930502,0.18070042636455813,0.326836105265335,0.32524153056580324,0.6759226549636013,0.2577341839313548,0.5119161181782073,0.32098160629568184,0.48711173558958754,0.3732695685121815
0.1466173260893434,0.18710987393436962,0.7820623467004264,0.5318618009721328,0.8531015283993053,0.343502019051273,0.7821573988948607,0.8668521426184261,0.8695054549033784,0.9199845557638471,0.7898281615395221,0.9241821032338375,0.8790017105524819,0.8298295943795369,0.33592390712892783,0.2556074083168297,0.2955848804518366,0.2739985907952951,0.4766313006491863,0.5359444602309645,0.5816101741932993,0.3392670127513223,0.8132884715822731,0.8407149409463361,0.7189651383437221,0.7300780374536552,0.22086987397896207,0.18055512353802355,0.6422193122897348,0.024727603992719616,0.6580125396707182,0.2600565838735825,0.38625127245178953,0.5155002410870764,0.45218501517248083,0.38109678360102145
0.21769113215833147,0.14144089490749395,0.8577273607137417,0.4832997889678917,0.8041691477744147,0.43103564884366,0.7766278427825766,0.8627020754093626,0.860648765173972,0.9197882272580564,0.785397951365112,0.9186822132209922,0.8661007989170403,0.8286861302147188,0.335537506172313,0.25310843410700096,0.28614901760184974,0.26894691736345155,0.47214742310900015,0.5243733505000261,0.5250476043065054,0.4812245797194447,0.8039683976203281,0.8328413635196983,0.7588082920575955,0.7032602159331492,0.19495964315816472,0.18756990198912055,0.37624973827975483,0.21625578273168367,0.6422896687940061,0.2527907864862652,0.5388820409229358,0.2720385507784887,0.42189923105850796,0.37812578678797903
0.16372511824021496,0.21330287686825164,0.8105084497965332,0.5338686084111218,0.7695835733840178,0.4979124353175469,0.7820569191346223,0.8667680391462969,0.8592380904621109,0.9181379238914632,0.7907534405358128,0.9268773220213711,0.8649785933611079,0.833045037020089,0.33142250249728056,0.25308897216739945,0.27558572732697173,0.2614489963194475,0.4655785573003599,0.5171978062530878,0.5758232449803823,0.2763588845284868,0.7991984299567765,0.8323604120040069,0.6751101147762175,0.7722154272348809,0.216741327114685,0.19387897365273982,0.5574661962657764,0.31683707570827857,0.6972274149680344,0.2731476374078542,0.32707861247081504,0.39764810361570696,0.5011218033443405,0.4089112342130316
0.15513541994063418,0.23979589546199534,0.8353220467087978,0.5297441852055321,0.8184391087941112,0.46415887217768914,0.8028830602943645,0.878525270866834,0.8821124526255093,0.937878021758711,0.8216348959186497,0.9425628740724468,0.8703465600612565,0.8426411480388368,0.3332565688538797,0.24962224965142238,0.26002579181436525,0.24406011359044924,0.4594369576520605,0.5277788845517023,0.521831297828466,0.4430580745137346,0.8015718712188953,0.8290123724703247,0.7648650663892557,0.7069446257866834,0.28485082156224467,0.17372879920583245,0.46772163315735915,0.3253790708755705,0.7258258384749697,0.2697063501642044,0.394730624941255,0.4023299242663315,0.51940638122393,0.40420851428837945
0.18892484692213798,0.2020447526538001,0.7959259000087027,0.5670470819839643,0.82054195512563,0.46593824572347453,0.8033944117380922,0.8752672597286386,0.8785162746365844,0.9350589534972676,0.8134028104033495,0.9404747079939322,0.8651396506782777,0.8486706597645692,0.3257691311835499,0.24335030164316104,0.2442426499510157,0.23362797704803598,0.44828223808555256,0.5109766503745222,0.530047896427204,0.3486528535088779,0.7992833306815014,0.830765136519219,0.7407328476726684,0.739255426327093,0.2719364780127277,0.20250673387176404,0.3390900405624719,0.16620016912193958,0.6921649025137799,0.2761289004831957,0.518591779602364,0.2909385163247845,0.49636423098792326,0.38528987385993896
0.20491564564356435,0.17184458060561908,0.8320535770524309,0.5312864218372115,0.7901531438928313,0.4789792086665841,0.8094867741221161,0.87578491138117,0.8659446169505587,0.9206689118886466,0.7806937364522992,0.91653004385302,0.8842931966633331,0.8496982908839306,0.3224151199199065,0.23900206723046552,0.26997571819033517,0.25880955520364385,0.4995102902714489,0.5370719217847828,0.5230081064500969,0.4273476334005152,0.8286006969193151,0.8557932620276005,0.7351477702324503,0.7319689749091187,0.27148190775380976,0.16880034104827352,0.2915392500807542,0.37706011047669363,0.6840454700004429,0.2654985054462662,0.31243997573630966,0.41178152944855817,0.4844502489000168,0.3699236371565595
0.1742251475116993,0.2207174476836945,0.8310461618527663,0.5064266434843518,0.7704225180574211,0.5421585522668577,0.8108928734296017,0.8798370267355808,0.86938886921531,0.9215819362599511,0.7992966098554521,0.9301618725445431,0.8999557262490334,0.8366279341013563,0.32506976723322734,0.24313711653606615,0.24554204248274916,0.2332581847332208,0.44907594020679,0.5109237906142636,0.535373020783516,0.3650018999101261,0.8018663333041195,0.8364869334598584,0.7126192697865158,0.7427843226983546,0.2321811587625206,0.1835781455362112,0.5285249931278678,0.2210836726606945,0.6708226241437745,0.27099165243993184,0.4998923958689643,0.38994580413290264,0.4564078484627284,0.36133697051003477
0.1939408311652674,0.19851830928208186,0.8600779559415359,0.5109000590501306,0.832887730959847,0.37629941883295215,0.8097046339449888,0.8800084134594395,0.8681718894605336,0.9192948621851706,0.7910650375455026,0.9124685324117265,0.9183453867885383,0.8625462942572237,0.32062877633785436,0.22602312947065856,0.2268099417137236,0.21746477239948803,0.44166783793563,0.5116676310720246,0.46376612759856845,0.48483983211693,0.7983257191720314,0.8399537129692861,0.7510593250684877,0.7403075406412905,0.21033024041812462,0.18103938895943966,0.42260626411381685,0.21265645116908494,0.6433723805104246,0.27889961234106203,0.27497104244801196,0.4604099636628228,0.42908932829476143,0.35496124716505084
0.1654653164496787,0.241450926358129,0.7775732228706851,0.5909055514864253,0.7698426196301729,0.5136972124175107,0.8253732885069649,0.8857003281712292,0.8600882538515916,0.9125315982436037,0.7788541591244262,0.9019058607246255,0.9266023632087454,0.8746538685612868,0.3190375657635385,0.23331633045616895,0.2258681932901463,0.22009143908946388,0.43516818149592007,0.5033264207892217,0.4879328429948341,0.3990958288186129,0.7951692878265687,0.8393178781682288,0.719016856367086,0.7264188255792834,0.1783191029150125,0.15305657414422097,0.48159859600148963,0.27337741294312407,0.6299541011085442,0.26762021854503654,0.2745771630788724,0.5915767248831525,0.39737509662986176,0.35166640144183126
0.18681846501117833,0.18741334069320015,0.8010511061638996,0.5073952952449121,0.7736641229700445,0.4237962312531184,0.8172774589448641,0.8825336661556392,0.852492624970122,0.9044907934640685,0.7758535663510874,0.9003668021685141,0.9135986747711927,0.8728262158456159,0.3148746119674262,0.2177489369862858,0.2202763269490906,0.213208106227795,0.432180365763763,0.4886344660294007,0.5308986618709395,0.279737965902328,0.7912035665992218,0.8322936963295482,0.7411828052810496,0.7261894329990372,0.2511325906035108,0.1706479266287756,0.3654449778905861,0.30146960394753153,0.7074665554853152,0.26974401627520084,0.4136990455758117,0.3950697553549877,0.48325201852258576,0.3798835458184088
0.20914698004590163,0.2288604452842105,0.8111986988244708,0.5385937325446766,0.7894827851672523,0.40302638384379885,0.8198642489183507,0.8815288463446593,0.8518010228405006,0.9030967536570733,0.7742464005117288,0.9101856002257891,0.8934856699448378,0.8563267888272881,0.31354446182057016,0.2125154343388352,0.22261654753772842,0.21468144434189562,0.4231793820195009,0.4943718142944651,0.5186916983246243,0.3158313674313653,0.7924466954446019,0.8320716849901091,0.6992836238783948,0.7791748712224846,0.25864115847271474,0.20704989854235567,0.665257229727652,0.15426044995542834,0.6923585317655103,0.26791171065558256,0.3577392484996726,0.47132650180111874,0.4724760999995391,0.3689069884377535
0.17961819110605134,0.2079098496437783,0.7409258951873646,0.5567812064983082,0.7667139831292827,0.48347220541412816,0.8171180306810993,0.8775810030008577,0.8528739366091207,0.9004706633623328,0.7653588503114618,0.8964796284170663,0.9084686658401058,0.8693980659254525,0.3182899907538759,0.22352575084222334,0.23472376561153024,0.22747375846100798,0.46765109953316,0.5156024514825993,0.516116782564596,0.3546358017823835,0.8124206792991061,0.8438084605197087,0.647630561774867,0.802948021729917,0.22574940476196714,0.2224808361095328,0.4301031098186388,0.30616507593069653,0.6862244241035746,0.23239224926368174,0.5414672131074076,0.3550684819098885,0.46665269307254553,0.35235734095723886
0.16807227039218442,0.2626533723315515,0.8069361286533469,0.48390384311549073,0.7512952723144669,0.5246609312593364,0.8375259876297836,0.8891661701828626,0.8501038576225604,0.897078939259649,0.753586643048777,0.8795058363209689,0.947943649361149,0.8984107519969176,0.320008985176395,0.23100824273143095,0.24313752766613264,0.23472376612254472,0.469128866796909,0.527855183930652,0.5072241166183342,0.4286566294417507,0.8117457355822496,0.8452826091967743,0.7087977958750171,0.7495975721142468,0.22595494886718687,0.22361111188235921,0.45574974988170697,0.3270133276698037,0.6550135911902113,0.25065062032443053,0.4412425251723984,0.4444873986127472,0.4466221414581578,0.34936308253999004
0.26657123532073523,0.18978339404932165,0.7987834890308132,0.48671937771374596,0.7442931140706501,0.5082826496664014,0.8318249039010683,0.8836917444500396,0.8411698316400995,0.8878496876415514,0.7405866690637017,0.8573502053545197,0.9481686453092095,0.8993828256997103,0.31834760892722513,0.22692707997199543,0.25949392287013157,0.24914770555977908,0.4800372861711202,0.5380925083641329,0.60569277341648,0.2713312865460541,0.8274988798470515,0.859066167795782,0.6933309159817188,0.767155886142332,0.2035539659567373,0.1723596973178132,0.4440161708830805,0.23772626016452308,0.6363736249616911,0.25234786638543827,0.5215738984116621,0.29078051599031585,0.42416398068072725,0.3391092448021535
0.18968778130337632,0.1681507565488145,0.8415138403395144,0.45658638943229934,0.7843713307896303,0.45754238420821264,0.8383006327018329,0.8930062304928987,0.8547785931241572,0.9062955383128962,0.770730828975335,0.8965939341026393,0.9602432967481979,0.8952528992124142,0.3227819822183672,0.23296159246505882,0.22949016690596047,0.22042302087745272,0.4550282579364655,0.5090554381459576,0.5308616927686307,0.378635336315868,0.8054183486610738,0.8446148967433051,0.716159974721451,0.7592162376765971,0.15713561029309847,0.1722110195986281,0.5477109344457604,0.20685772884175013,0.6092046029999938,0.27266141706487174,0.41667198614897744,0.34894476558709064,0.39686578085176877,0.33968317698676664
0.1822354331997001,0.1878087305863645,0.8142152753029361,0.47482046115644044,0.7618744148720112,0.5066282803658,0.8380061628819999,0.8957734302529589,0.8571392294415615,0.9059303441444155,0.7756259835427394,0.911876833280952,0.930020971294667,0.8926155584647785,0.3235835333845918,0.23061601516706676,0.22730058883884025,0.2188135042631617,0.45291958949357125,0.5251031655642362,0.5117139022844726,0.4061961646538134,0.8080697716512832,0.8495363353686982,0.7077419819330638,0.7700183888070049,0.1955569742917834,0.1711049933224552,0.5700614420176795,0.1540738748541192,0.6770175791888438,0.24830275844793753,0.36837419573572083,0.47233645979169936,0.4661120229431894,0.37195681013291804
0.24243333106329754,0.15621038302321955,0.8467626843261327,0.47970972290299413,0.8372220998209867,0.39276608442127137,0.8456834090641028,0.8959152088994712,0.8673912625778872,0.9150641192058246,0.7850316407724351,0.9251135197722465,0.9154515571996573,0.8825402560330651,0.32408425431146026,0.23245666164391002,0.23462911407882114,0.2245664009404416,0.466881935833647,0.5146506403647847,0.528498715419227,0.354688530651066,0.8250759255922664,0.8589723367337584,0.7971290416804304,0.7077801665382182,0.2490907914631395,0.17420718336888208,0.40853991162672465,0.3244728680148306,0.6822434228903627,0.23885724367113148,0.3712732679757656,0.5669678760823339,0.48189595474129776,0.36113609763434806
0.11723695796106826,0.3121852966233488,0.7759019222430796,0.5316778676007945,0.7744422677601595,0.5089784378536015,0.8253581229304713,0.8876249956753492,0.8652743760828354,0.9124744635038743,0.781763696420114,0.9172513273562053,0.9036654475403061,0.8581971257609828,0.3158379864052214,0.20727153523953046,0.2240082057591276,0.21182851013302595,0.42566992822014293,0.49177494932585786,0.4845962932321715,0.38636610413350786,0.8125233117189178,0.8436524421574647,0.6691086472723141,0.8111702655046071,0.22695305994730172,0.22451490533406104,0.40931922770809753,0.1901485384051499,0.6591307803108939,0.2389437870501398,0.2896173243308556,0.47093417025900636,0.464318528598452,0.34349064550655795
0.13818870025739305,0.3021730323811984,0.7939553024648529,0.5242281505168169,0.7968075284082554,0.4405786267007379,0.8159555940491743,0.8809706694482302,0.8611884372865541,0.9076177812977331,0.7778598982506038,0.9099361425529595,0.8980733121564545,0.858445688217592,0.3148624674716719,0.20407640943273048,0.22001380713313173,0.21116613403851528,0.432930674795629,0.48746659508367357,0.4704275943738359,0.40933844610151987,0.8158407833154628,0.8454452519127509,0.7355634276392893,0.7656702040642066,0.23174043158197413,0.20502980879126526,0.2834310918118744,0.3880180142887726,0.6509664245813054,0.2378421844408437,0.4142469825628611,0.48694219194436344,0.45493006571266825,0.3387193567494422
0.22728479242824845,0.1911510096080815,0.7923473095882638,0.5107876487976766,0.764725220074205,0.4937804874073686,0.8087905094296748,0.876316992417143,0.8589887663642529,0.9060205351755133,0.7762870619429435,0.9131204596566388,0.8812458100001104,0.8544820118784142,0.3066704463236243,0.18806411986407076,0.20665440166197285,0.19105903992507045,0.3925316470284791,0.4653815232676142,0.4691185688748184,0.4146096495729001,0.7943519421640401,0.8308055318831281,0.6688413055534964,0.811689634435431,0.21221609762946403,0.21383202247357985,0.4996754995466146,0.20086096219775976,0.6401379003162778,0.23950562418927024,0.4611387423708655,0.2947645605624383,0.4308166019456741,0.33787668958695616
0.21126697979737322,0.18576147780525254,0.8207469861800285,0.49659661351355494,0.7753532460797982,0.4532206512449284,0.7987535106025303,0.8760954859858213,0.8568983963502669,0.9076855916949385,0.7802224478108746,0.9117825413471804,0.88590227925972,0.844863271740425,0.30614535807650095,0.1739177054361242,0.18443540353268717,0.1661890019617166,0.37157461343894593,0.4383478859394889,0.47317824078948223,0.3214641078188786,0.7730882824767222,0.8149469441246294,0.7385901336355895,0.7419086352034098,0.19527066292470177,0.1894563088358731,0.38439282789323176,0.2887084049200359,0.6211450575471527,0.24058864622035625,0.4272269835990381,0.41553170695215613,0.40412678586135575,0.34266982019537123
0.21117487877854813,0.20050276337014372,0.8067367874368297,0.47842679962685336,0.758684564841052,0.4525442261549925,0.7852880878593178,0.8680437633139118,0.8489016811815743,0.8993253652492883,0.7724216070572532,0.9012905745005894,0.868296767018746,0.8420078089928915,0.3068619438274657,0.1727187476613858,0.18866002306738633,0.17068343944134196,0.36260801891804406,0.4458505041175219,0.4916528034116808,0.27873862580724795,0.779024088186367,0.8213174235479863,0.6780371406937247,0.7817235013278832,0.19330772822368886,0.20025405754465941,0.5215041198013581,0.34642699777197217,0.6424898385384655,0.2459343600446796,0.5334357423092133,0.26266818370553574,0.4483963967431317,0.3607093773584668
0.19639601940111281,0.2786604474937776,0.8381774534486712,0.47714673904321353,0.8207585055835288,0.29321046804853507,0.7898140316769318,0.8654360165195399,0.8514262723369965,0.9041319288680914,0.7788752748403951,0.9095917584782804,0.8656741035999765,0.8391867252612943,0.2992171208035706,0.15937613025720349,0.17782792560084154,0.15834058252193056,0.359625658293121,0.42888352744687025,0.45586190108704167,0.33874842765305474,0.7789395522916012,0.8204118680879586,0.7004245474380429,0.8001819606921515,0.2663963367925051,0.2360717390938783,0.43585923056969644,0.2670070837226426,0.6875229835170802,0.25712702763152717,0.4986216392112371,0.36549382608498204,0.49846219514567996,0.35321942895178526
0.25778321827266293,0.18905815738270254,0.8225762068485782,0.5210568839713036,0.755715928497577,0.5199434472091928,0.7863078930856291,0.873060457117464,0.8614029657096948,0.9114924561517703,0.7887369448917814,0.923937422662353,0.8493132076391582,0.8348497220527293,0.2943035315835862,0.14547162321497653,0.1629175396648193,0.1454329209132904,0.35191693054066353,0.41193670952144035,0.44315011851529007,0.3217428876454774,0.7776968558387425,0.8103196419841364,0.7001632517980977,0.793146794506602,0.3104421926839106,0.16882425526047884,0.4176651024667077,0.34437505705013893,0.6826284671096714,0.23535339750689532,0.5544337986605062,0.2941133097062267,0.4859458565435156,0.3412572595862276
0.21880701795205226,0.23390169928771043,0.8024574144640222,0.5166309847250052,0.7552955907404767,0.4580227641496181,0.7816022774027351,0.8673549222384358,0.8602754266218484,0.9079004576157946,0.7908255562330367,0.9194030852945017,0.8674015089236172,0.829016076631582,0.27681969170951,0.11158871910344548,0.1298027119960189,0.10616554527765726,0.33057659517376703,0.3882321490616508,0.39779747129323806,0.3933827605105205,0.7706689139042311,0.8145302806887378,0.7421535103635262,0.8015011370998806,0.2982813315427002,0.19256054676593942,0.43906842756108433,0.4188127760781447,0.6877055980731562,0.24706904194352758,0.6291689937833176,0.35529990937036116,0.48401148358458285,0.3313990934516794
0.3298899112529544,0.1211318417331077,0.8610226094453687,0.4806897839812745,0.7942966343685561,0.41218205508672867,0.7989443120028468,0.875464457314479,0.8678398147018818,0.9144291161333801,0.7982630810678417,0.9299783147738732,0.864018667533415,0.8425713560250191,0.27180755365509873,0.10274479397337782,0.10123674385470849,0.07204008022388464,0.3126527646354587,0.4033395425682994,0.4423328129532901,0.23689121224269502,0.7721199586731362,0.8165953122987917,0.6738440623699415,0.8447805038863055,0.24221998530837116,0.2100222474140151,0.5180078808491604,0.3115165926941948,0.6794217486804904,0.24090452081728914,0.40511021708169204,0.46035350932809865,0.46543319176617426,0.32896200433251765
0.2639431820024729,0.22025833652069057,0.8385438522830142,0.48989442154876245,0.7464836707570149,0.4690075050345127,0.794942487854815,0.8694826788091998,0.8599216504033992,0.9064684277567734,0.7805039074095863,0.9124633904554371,0.8635129750733601,0.8370594434695926,0.28275457342827626,0.11157011555992968,0.11450073278196499,0.08871739004284074,0.34448887287279095,0.4022851248823521,0.4671171600903772,0.2635249349436276,0.7816447427181963,0.8233474827669112,0.6915174239751565,0.8173599126100313,0.2238730520416614,0.20707966671534878,0.3342710037696965,0.2779477923054439,0.6531392158105723,0.24762595484924804,0.4614961274075835,0.42636981878626723,0.4423861625507098,0.32838839484904214
0.16434692181148963,0.3006467519310755,0.7535600413798379,0.5559561765884719,0.7578247459788694,0.4304613110179727,0.7855627989236469,0.8656673718606757,0.8565651474220892,0.9030119701430894,0.7760480036333934,0.9155048240956669,0.8438029030515071,0.8313943667555668,0.29377691585666854,0.1230311312788187,0.12752199066507647,0.10313893473662866,0.3534004981402771,0.4150764166044944,0.43557632909871113,0.317741414787862,0.7841906649398943,0.8208446566719017,0.692885630469245,0.7771079329615487,0.21335831531167548,0.15239371957934533,0.5012816796532317,0.3121029448568705,0.62909390426345,0.2466570259397144,0.35380582592971616,0.5686268867609346,0.41859171866378453,0.32581136809985045
0.23604867546141467,0.1900742455293497,0.8153783603623059,0.4745075780255814,0.8008210406194836,0.3599372221082272,0.7843516924710032,0.8639487045044784,0.8608009011232232,0.9082675718177651,0.7804957784912814,0.92477232143893,0.8353226375438312,0.8291254730859142,0.2956765218537694,0.12940534370044654,0.13370254874241305,0.1109718856702871,0.360388054364246,0.4305699554082705,0.45381059983347394,0.337169411080137,0.7894335760727981,0.8293847409132329,0.7184374990892409,0.8008055408778809,0.2577345386442753,0.22007451967368463,0.4239069944409696,0.31398920878302783,0.7032961675317134,0.2551424910994604,0.5277868929930217,0.3471102200429801,0.5089096235817103,0.34477161029670056
0.2966712485834576,0.15305036350124956,0.8429914718911758,0.4701590630575615,0.7633777316035383,0.4594053118238035,0.7895430648792269,0.866649466464351,0.86470739082363,0.9086713407980156,0.7795148443243904,0.9244530945153906,0.8409677041285427,0.827005035753414,0.3015319930366762,0.13618103023646144,0.1407401165456551,0.11933503911888915,0.3753021839293108,0.4336788343134273,0.4635412214447232,0.33139142360211704,0.8038187561868069,0.8415976417132658,0.6719335086541263,0.8191528265566024,0.31004502896390795,0.16180548477419388,0.4482531184595354,0.2633840899269264,0.7232371414002021,0.23798465362223697,0.6831077813216971,0.23002424736508398,0.5226885594571739,0.3307523399036081
0.24771814790677263,0.2767642290904054,0.8417930577407559,0.5136451592204629,0.7792818575890347,0.4338896027953526,0.7920460669019311,0.865189010314428,0.8726902232325429,0.9114762116823367,0.7894814987566416,0.9303213390052918,0.8496860054612045,0.818431899245177,0.2967360988853753,0.12931683993334536,0.13118735133598003,0.1084604771199566,0.3756898959698636,0.41959056780004805,0.47355356948956107,0.30981114290959,0.7999889241979535,0.8252569314247064,0.7377446329916925,0.7979327273728507,0.29286959878633956,0.18534756731447005,0.2878772112127085,0.391634262177505,0.6989154085128496,0.2616587816076025,0.4183387889036979,0.372015517416346,0.5166755188719724,0.3188719796406072
0.29435860721884827,0.2076996764745922,0.7874239240609067,0.5517342412722482,0.7963145934635116,0.3747006599700497,0.8000185688889319,0.867837276924162,0.8749478832363942,0.9126119002949116,0.7849868110622186,0.9268393327421468,0.869663916251402,0.8340727236422998,0.3035963235918495,0.14325922979657058,0.13536287228390476,0.11260318359522148,0.38447913622836855,0.436904947106727,0.4652173510124597,0.31042928601128705,0.8009121551044862,0.8338634512869973,0.7998817100560073,0.7475100938560026,0.3098406495569668,0.12748678595557056,0.5844677992434625,0.15205919271387694,0.7018877694990884,0.2569332558098506,0.42538406735811585,0.30718641380855577,0.5033655319200562,0.3124532543431059
0.2792348375626532,0.21431192416817627,0.8264596304354604,0.5380260487072579,0.7427253962257029,0.5406256692819705,0.7920742544775279,0.8699660443024032,0.8762684894699835,0.9159586333012124,0.7926551280970033,0.9339680928969225,0.8616364912149654,0.8305015592185145,0.3072506249818716,0.14803121432867072,0.13925694396005517,0.11719534482684163,0.4009797294941004,0.44545491388578085,0.47309013498648517,0.3171625825256137,0.7987355416328392,0.8328400591337963,0.7477605269738997,0.7779027334376969,0.24111653515538536,0.1887801987961365,0.4649670096778455,0.30779035551757833,0.6829026992861896,0.2489549420319052,0.5729051058825163,0.326348966351115,0.48256585438708555,0.3105687754411633
0.24150924275392965,0.22698233130593645,0.7869429011392324,0.5321437763145366,0.7834303995166657,0.454638832796875,0.7999482999877133,0.8686188478261508,0.8753168259323607,0.9169111625561623,0.787233650877661,0.9355897602025265,0.8572456007880389,0.8228083883611832,0.31646202240540844,0.16701271680166752,0.15649649569421986,0.1362618259562382,0.40699259568610247,0.4755694821676046,0.4958381743466485,0.33521848261779663,0.8017050894699125,0.8385318623947327,0.7073171459922974,0.816004453150781,0.20453874076609382,0.18029569401690698,0.4201368685529367,0.22035742116040513,0.6645650939009546,0.2466525719788984,0.39483047710802305,0.4217140599732101,0.4579510067775654,0.31087253783528435
0.2450624595949452,0.1622282526499384,0.8639706673886814,0.4557847682698163,0.8177280351765479,0.37111006851714345,0.8071374263433602,0.8742128976188908,0.8811085038331081,0.9235606965924372,0.8027540132935981,0.94377814014588,0.8480306343511426,0.8373019532674744,0.30587444982234485,0.16006844703270529,0.1374358622830345,0.12098597658323457,0.387827739123773,0.44707619261765763,0.5079919693700288,0.25715943207434544,0.7786537607836028,0.8203034578801703,0.7178649414319852,0.8029460455750007,0.17421572850734085,0.15417006174732995,0.4995015579231946,0.4401429673940302,0.639654271826581,0.26779227099796427,0.4372949435215829,0.3546060124843588,0.4571441432394209,0.32366433023618
0.28929554048334843,0.14072277646986092,0.9204861758234719,0.46474823124553766,0.8156015029751826,0.39141213698116284,0.8102053950810608,0.8786878422635679,0.8893744440417785,0.9304091651251842,0.8137474945425751,0.9462486351061288,0.8583921643990194,0.836999585731955,0.31493841500242453,0.16931912489354461,0.14779862108402336,0.1293150184138221,0.42839026921576806,0.46579275344153254,0.5066249796734607,0.28121654024957154,0.8057980094985799,0.8447605101151232,0.7542691525792058,0.7847745777975252,0.247351827161498,0.164903307494341,0.43833714991682216,0.25742086135798325,0.7051461209486254,0.26598763719637253,0.6897554805027951,0.256784438401939,0.5248312887072205,0.32144286586008475
0.25106044403370315,0.23967070001675045,0.8206656000402883,0.5692459882599661,0.8067085403505768,0.44808954155147873,0.8046442505138363,0.8778656804754862,0.8908852593700156,0.9306403078051759,0.822282228793721,0.9454001063709141,0.858542701378076,0.8339322357795207,0.30832911143905417,0.15481816717531988,0.1394970847044949,0.11828430285957703,0.41151409813594725,0.4523185894068833,0.4562475018233616,0.3516273639470648,0.7956470982344364,0.8290655897654371,0.7648190446705231,0.7906324171298982,0.24869688385249425,0.16483545880767086,0.5238822263714619,0.15174845415847096,0.699986902302723,0.22659350490780272,0.36970509430595844,0.45398028599322215,0.513375248694681,0.2984662338196449
0.23168015506277218,0.21696177601982714,0.8316771080128341,0.5422509105194433,0.7776522549061979,0.4907556258690046,0.8146268834825523,0.879313726526531,0.886629551658477,0.9234468580702146,0.7873230258660445,0.9302305548084335,0.8880384825197511,0.8439805011181194,0.3140996794093255,0.1824628504720546,0.18441626236127256,0.17113040452322725,0.4689487368463253,0.5232196489680598,0.496631484807714,0.420137925067147,0.8510642021252603,0.8952484098232462,0.7441241634143022,0.8166940682833679,0.22187416794211717,0.1674894096977831,0.3662930792531396,0.34798960796577844,0.7467442095962703,0.2440592250967495,0.5251836852716841,0.40237931464437227,0.5554171664761061,0.32881748846898085
0.21924812439198352,0.19857865172065925,0.9029452616274594,0.5268494546022877,0.8859446216203325,0.39950743889589574,0.8187833202130046,0.8896002100844098,0.9133773481351494,0.9521179033207186,0.8907167646117102,0.9587778054232632,0.8889839156574846,0.8766693545938258,0.3041610045245363,0.17762188975685791,0.13094381785982723,0.12484567051642848,0.4876328011501212,0.5314043589080445,0.5304514334975936,0.3307285177855367,0.8281073956826942,0.8740751053361104,0.6930193019936632,0.8479135788355503,0.18426456891192866,0.13728823871918466,0.4829385249209768,0.4575471554208559,0.786838709878457,0.2759059310620121,0.46569494295442476,0.4552988833360794,0.6018666633420771,0.3767180553738247
0.17375955196355417,0.12141867784736432,0.8823087494217452,0.5628783482019417,0.9350711786691435,0.5205296408822828,0.9369886919028936,0.9591238287255522,0.9609395735398512,0.9902354215988677,0.997091932746204,0.9649453105434214,0.9624083438418418,0.9535834659786542,0.34569784949782467,0.2607260981175379,0.17161275570475565,0.18061540419423733,0.5744969638514582,0.6120360547918525,0.5488254041249603,0.44782977124730683,0.8479480941178172,0.9080957901014184,0.7623231732955036,0.7881742870558237,0.14709588668840384,0.049725691256765514,0.48947671960220457,0.3811902610833814,0.7227849638869281,0.24098636125546802,0.37705882415791686,0.4607161275869972,0.5824123811554036,0.38945527294723903
0.21143606028676223,0.0956472223766201,0.9674054598444204,0.5332464334636683,0.8969041766542516,0.5618056418956952,0.9040153667004298,0.949750468399771,0.9596745412050595,0.9992266269935103,1.0,0.9672722800216049,0.9385031749419526,0.93572848882183,0.30631091546606604,0.18437803426901117,0.114488543249472,0.11830618456838676,0.47911695503712237,0.5237620137474258,0.45651387913461633,0.46454451916670203,0.7943837021931327,0.861190261871827,0.676776886729458,0.8632262553719883,0.0872464241605177,0.11017624794951902,0.3887006020998365,0.3765450672061694,0.6846210677921474,0.2602300314784248,0.574670833594484,0.33557855799533204,0.536794130314345,0.3894403506060645
0.1944002271249799,0.10136270301075473,0.9340249086025603,0.5132700783064532,0.8393896710886015,0.6339237716308473,0.8781599401464548,0.9411162935645417,0.9485027140919868,0.9928738918660025,0.9786649019922804,0.9625454184082356,0.9195799739670077,0.9195783830200077,0.30173076506120955,0.16272334535988825,0.1114045414851636,0.10606123048033467,0.4649954725887973,0.5134101545618398,0.5289649440403478,0.335267101372022,0.8056888000798368,0.8617042831401159,0.6968544240927949,0.8798485967978198,0.13324067517204907,0.14181395824721094,0.417929807578358,0.3942722009577918,0.73783947962687,0.2739938423089636,0.48816861277322326,0.4331431963442427,0.6071538993005547,0.39181668614539694
0.149223858439809,0.21035890220234044,0.8726996750731126,0.5716436933191105,0.8905198834761163,0.4611423988110415,0.8793077010026082,0.9347427425122576,0.9499353128828942,0.9897566398893922,0.9799384143685956,0.9605735727272533,0.9052036672217918,0.9043990047471115,0.28557100144452985,0.13850130138015804,0.08557990946185218,0.07304875740906192,0.4226206480704568,0.48213393177495917,0.4860453232022268,0.3201409470263369,0.7954661339170869,0.842121934833683,0.6971578342825622,0.8685762792667526,0.14306452112879603,0.16675436283243744,0.3307760949197993,0.4069368907326498,0.7314812753250428,0.26090472437521617,0.4443670726139725,0.6492604557030841,0.5961881666439847,0.3708082440120915
0.2091199683064511,0.1924545030436886,0.8936200308599708,0.5817040889460472,0.8974059345818527,0.4111140267940182,0.8631448902484613,0.9246692627717982,0.9442196563417076,0.9837135137693686,0.9546032446016003,0.9571901676674134,0.9005900784154084,0.8857352286088749,0.28332829531767667,0.1276008083130561,0.08669895153160156,0.07032440956843167,0.41711339106631967,0.46520401814004575,0.48617947780576176,0.31470158851042573,0.7987629102340104,0.8444289472449369,0.7198675367219908,0.8331296920748017,0.14522440444939433,0.14830647455324292,0.4261710313669723,0.4588534587619323,0.7250820347907833,0.2619524210510324,0.41057120306941075,0.426637403843825,0.5808220332949507,0.35153702900168005
0.1399120097726489,0.254451850944754,0.8730149012343491,0.5791115656701732,0.84761808744385,0.5037177592358082,0.8532854649193997,0.9168896366753405,0.9339973370746292,0.97522518423965,0.9309660711082,0.9502829405426696,0.8875632228004895,0.8710508958301144,0.2871707471696665,0.13268797986353664,0.09291597147834796,0.07545609035877426,0.4071697494675886,0.46190703247647275,0.42529819017210246,0.41932456808226576,0.7988650341479748,0.8410824662521067,0.7679055753675987,0.7977677386647906,0.1551976196236028,0.12030861009112848,0.3169827711897416,0.39787949313754434,0.7103795210703062,0.2567927640123009,0.5045891724801052,0.4272122056421952,0.5642413686878658,0.348827633452091
0.1621177625820604,0.20552085851005805,0.843275960329604,0.6203884992087888,0.8408026204557466,0.5068973185374805,0.8431725660175426,0.9123870811128797,0.9359831646789659,0.9738052599364249,0.9267736979237022,0.9512448477062866,0.8784980932370984,0.8739855383471231,0.2849455594953768,0.12308249536328036,0.08951125033465757,0.06970590872719495,0.4049830750077411,0.4602682077253176,0.5060608780915011,0.2561920760116106,0.8012820512134322,0.845214917657749,0.7139050158310883,0.8380179211081467,0.10403773831955793,0.15796944926024648,0.595579557532076,0.1639516373559709,0.6867014483590048,0.26710042126627587,0.39441459063900824,0.3754212395859096,0.5388396439010915,0.3453585064503365
0.18311230946614956,0.17205468084742176,0.9272285252623722,0.5586597153484918,0.8359270011916473,0.4587635084383694,0.836146131184673,0.9076111285859727,0.9238437620026181,0.9633200205115482,0.8909354340875597,0.9444756002095348,0.8627084035266784,0.871229302888455,0.29499510969504145,0.13401985619291024,0.10337701294359464,0.08575558070947226,0.4018313980830604,0.45627985034009344,0.4649455892530666,0.3320648986312748,0.7942934057603532,0.8417062652321086,0.702433866568095,0.8185535343905922,0.07762284782210632,0.1706736709877033,0.3927331509646737,0.33154667699137264,0.6559632951232677,0.28466585398421224,0.35096293319625904,0.5353088266388273,0.5155532317220285,0.35184879070215347
0.1991766672488397,0.13509122641285853,0.859194578577657,0.5759881113437948,0.7976073622402372,0.5008606973228962,0.8191002077096668,0.8978427016802999,0.908616558693351,0.9521192790672165,0.8701432837109596,0.9344977747998879,0.8623952300188575,0.8382125093221942,0.3011901776619308,0.14711080938831728,0.11732071933963456,0.09914107828493646,0.41279414069974485,0.46222838801894517,0.4696352000774276,0.3097971260712853,0.8053662209213827,0.8516002864077086,0.7268908738691371,0.8202408700043733,0.06375198292781287,0.172816654018058,0.4698323163813571,0.3453322417477798,0.6756364116617851,0.2743365949236685,0.5961659348075834,0.38949662106961835,0.558921721319169,0.3635187357373335
0.14824323554740498,0.20384894319157448,0.8885443809665914,0.5071273161387556,0.8642518522623787,0.3653968335788033,0.8259870583784765,0.8982762566061544,0.9179512008109296,0.9586945395310253,0.8803473724507687,0.9396573095316199,0.851966477339368,0.8585262511268141,0.3012467636799824,0.14584421506760575,0.11517775448350026,0.09398598406621006,0.4076476098649848,0.465945300638406,0.4749425468744706,0.34213209102341113,0.8078603203192419,0.8465804218728483,0.7530673061730123,0.7998103385475623,0.16026638559570705,0.19557396751424988,0.4290882069323264,0.24395005134518033,0.7204852320199333,0.2560054942397505,0.5656160028769354,0.30194969113102943,0.6157984711720103,0.36207477856042325
0.2150432975826624,0.18916615565791106,0.8981156045163237,0.5444379922962894,0.8196799604681833,0.470443743378519,0.8249684134518956,0.8958283045601105,0.9178206519337885,0.9539861878655234,0.8775647829107384,0.935693398814335,0.8624351343435374,0.8325165999920973,0.3020313017895564,0.14837245900256163,0.11970385775492964,0.10161762116552014,0.41340361075162224,0.4502710708127873,0.493046539051361,0.30666847617519655,0.8169016627077816,0.8456252423844406,0.7403965427739984,0.8349424308834923,0.1640789842629879,0.2118894081974559,0.387147883857289,0.5344654906677501,0.7111534960220227,0.26768428006831657,0.5236028348382468,0.4391293368906627,0.6065887753798318,0.34480196064490976
0.16825610912190736,0.19399622016364426,0.8139547485833888,0.5901769047725548,0.8121453048545028,0.4804077949778638,0.8097461542737995,0.890950783077268,0.9129216614608897,0.9500367420213749,0.8602976219164604,0.9337338144494842,0.8501577393237789,0.8341259490032404,0.30653660296746965,0.15262240659964982,0.12705973538796334,0.10745927523961935,0.42505631741215555,0.46398701651425356,0.5040176947531625,0.31015868687430537,0.8216087795253716,0.8504785268272083,0.737807284152338,0.8445300385525432,0.1518636652122437,0.24081504190358904,0.457209329103249,0.3139636229602255,0.7051328450296959,0.2742494905562628,0.2762652629067043,0.3807450765574386,0.6067766508858117,0.33420416544784204
0.24888474934811464,0.15404429822636906,0.8310561462158516,0.5614456568963984,0.7996352413612127,0.448729589716087,0.8006409846522899,0.8819720301410802,0.9006646361819677,0.9368162098201793,0.831150440703071,0.927261768277109,0.8542079094842773,0.809194692628973,0.3172723052701785,0.17143697167577007,0.1464740925416647,0.12773911218659717,0.42363663238974436,0.46952291972242605,0.4770485056872012,0.3772169375266885,0.8255268151547333,0.8527073369792937,0.6829080151519373,0.856467323084789,0.13827937909896343,0.2414853013160973,0.4927561116326458,0.24840956913339554,0.6951738296419577,0.27278420635143985,0.5754215193802878,0.3403806307404047,0.5878364855764393,0.32958371329097913
0.18349814793253172,0.21051756034601565,0.8334413579029007,0.5428376722215276,0.7917048038052478,0.4795278207071511,0.8010474905537843,0.8813460605696659,0.9045019818581926,0.9414594554581865,0.8486831666832251,0.9328844361173855,0.8325999954231582,0.8225664303710578,0.30891260686598926,0.1648196251973717,0.1309493281606448,0.11382388575532704,0.39454163596488845,0.4593920130402778,0.4450279103069075,0.4498040100503715,0.8042191023660334,0.8361311778327514,0.7754211328092098,0.7932817373860024,0.11877156883718837,0.22099862256528008,0.534639702214159,0.2449563940332687,0.673970726523764,0.27923864319589015,0.45851530756906594,0.39620770273013733,0.5556997691756576,0.3287565309357132
0.1934656827342529,0.1553954210871411,0.8289508815181906,0.5429456298613721,0.8416962116243981,0.3090382969246099,0.7942817385177932,0.8780283293715221,0.8990350865178802,0.9414208125658161,0.8385072722200597,0.9311925055043354,0.8262073003961923,0.8159251798703775,0.3118293516829429,0.16747006034176232,0.14017890322657228,0.12043266005176834,0.4016369525786099,0.46062542167487347,0.5036363543478699,0.31785477162090064,0.8029070466015774,0.8406485652805014,0.6869062049297937,0.8201379504495427,0.08851110384950223,0.2434514900956197,0.3055435502856909,0.44657853441671497,0.6404478197902881,0.2897345641769131,0.49569111783010944,0.2638555928586488,0.5202431510135105,0.3179250788762225
0.11129596934143726,0.24561291652331943,0.8176011810274024,0.5309447816606311,0.7567299699186032,0.4294196657338193,0.782553735709842,0.8710581774307904,0.8860250976656692,0.9296352765566765,0.8243262862479038,0.9293684841983441,0.8195738563193157,0.8094248439613563,0.3022291820200381,0.15801059850749882,0.12839298251201448,0.10895506192511384,0.36995805008482197,0.4383704372051724,0.46154480957990585,0.3433704523228044,0.7845437959104657,0.8264497543388414,0.7392702561565438,0.7799482696964637,0.1614885075378068,0.20340446387148703,0.5297350367643955,0.1974326548586469,0.7041576378998078,0.3056443782555285,0.35835881932740615,0.5047365018689594,0.5999240341398053,0.34190737574558494
0.1161269665412164,0.2804064189016088,0.8132416624364448,0.559253808778557,0.7984549621371768,0.39734563233529185,0.7977271206654928,0.8804353323870632,0.9005723358566879,0.9407506591826977,0.8359509974336737,0.9316245052222353,0.8332379276767208,0.8089761445076846,0.3065209645214373,0.16430351224143724,0.13348743599162705,0.11469707151333858,0.3957843555286271,0.4599082313304318,0.5037616973782897,0.2859547540579548,0.8106882086536591,0.8409358775153735,0.7073452169721686,0.8594594453756421,0.17060679681565427,0.2812511087689339,0.4152508572498027,0.20971096396223032,0.7114532283910815,0.2874832793151851,0.6132308002117144,0.21105714380310317,0.6173513380603788,0.3238898872708707
0.22976621716189702,0.18568814180879611,0.878065996191606,0.5137998545846615,0.801086972270892,0.43429534972707884,0.7974313461630416,0.8798293945732724,0.9079976225836324,0.9464320866427938,0.854271320837127,0.9359645212242428,0.819466852010834,0.8233984566809629,0.2933647074242388,0.149550901670723,0.11111262145963563,0.09507863407070233,0.37844273923089894,0.4408885254446782,0.4461499263672692,0.3928103769882876,0.7927250530817977,0.8260135140481841,0.6701197718486125,0.8695796114078509,0.18135155797112767,0.21661205909929615,0.47124031067078676,0.1381198535308821,0.7072695063150974,0.28902246702084894,0.4903544950789885,0.3449629407091995,0.6007354641912966,0.3147789879823689
0.23147489184729023,0.14723676765263516,0.9377401398037075,0.4871146243909069,0.7763859948042546,0.5168281995436419,0.8222197969284241,0.895049205165309,0.9257207074359197,0.9615690921301112,0.897998299878092,0.9424381977198515,0.8468069347771772,0.8331172239690517,0.2692633081727355,0.12524956533889064,0.07415911328725472,0.05222981596842069,0.3617828178050706,0.42689207133890805,0.4690681832268887,0.24913651279287227,0.7884330654313878,0.8301187222853581,0.6880444711649514,0.8782068914881913,0.16642672540815256,0.1911147673976087,0.3845152784192925,0.25590631635514,0.7046190135860699,0.31833605839701384,0.5044786212370613,0.3246836554849076,0.576526965979857,0.30573830987572004
0.14537855770031038,0.2710945957010015,0.889861874001517,0.507729378004418,0.8099882431268839,0.46342008670727053,0.8243552611576765,0.8984774444388894,0.9252795291782155,0.9656504976046407,0.8892583947228461,0.9412032660448516,0.8511945495332756,0.8341805672473612,0.2729767646122737,0.12049101819141322,0.07039048727020636,0.04682065971771515,0.3792754953582127,0.4382413383708429,0.4695009066583373,0.30579589996433126,0.7969503620077507,0.8385549703110133,0.7095174712185736,0.8559800137683573,0.11839115770918812,0.22334837558221882,0.3587148675553056,0.355149206470754,0.6834316374680622,0.3137356489470192,0.5363106925632672,0.33711811320078094,0.5465424029575356,0.3010945173253792
0.11779127466955064,0.2514011525301232,0.8390542734502155,0.5759694381092748,0.8332180474332681,0.382863029264207,0.8271054707742698,0.8966904512178012,0.9194520757682647,0.9592168172367846,0.8765022862778928,0.9333484714226485,0.8548880037140516,0.8343205671248121,0.2937591480462694,0.14727352596927656,0.09361348487758242,0.07970874007192247,0.40707790117602505,0.46701835197890457,0.467103743790405,0.3376892761738915,0.7986410321292878,0.8450104928375314,0.6644601631883043,0.8610347796628262,0.0805748150817483,0.2244496630316561,0.35845066050433294,0.3632554014344941,0.6609959379042306,0.32263717378074597,0.39444225504850466,0.39340097820475983,0.51567625644263,0.30135737962483394
0.20848973151821984,0.11816836215018245,0.8576985285639547,0.5319034450191416,0.7609927213985405,0.5087302089997335,0.820393827590235,0.8969799036286049,0.91732144788855,0.9624088738533834,0.8902321710755926,0.9380272037073978,0.8448526713820104,0.8299861513717175,0.2714546110818165,0.12806382188083593,0.07229079178649628,0.0537879871259031,0.36703080957293943,0.4438794702170998,0.41168362618297494,0.4266932608923814,0.7822794804342643,0.8391001535740918,0.6384024069220856,0.8974221684651041,0.04598212043365946,0.22510966041859648,0.6327032043763385,0.1552489122413927,0.6508412688309568,0.3426584723154892,0.39338586708139733,0.40181187172150795,0.521067498813331,0.31417116969494907
0.15236912702463828,0.20728018510229992,0.8301578638668955,0.6026437671165521,0.8165568301119212,0.41152854900233016,0.832522241105852,0.9048687316589981,0.9244666903334154,0.9677877122022129,0.9023262336876811,0.9386731944004112,0.8447222376232009,0.8396692763143602,0.2629533835458865,0.11569864656850509,0.057480635491801546,0.03597948531262807,0.3735067094312202,0.4243554672661771,0.47452495080505475,0.21191519387434093,0.7887859636933058,0.8330169497331116,0.687127879588301,0.8464659188454168,0.13919008237344188,0.20437073428352948,0.44462992024755554,0.3029622018044096,0.7092185460743978,0.3350331131154113,0.5034960235996603,0.38708360636351713,0.5711188400761638,0.3123533317194477
0.16588553549800944,0.19234437309422725,0.8825818347572181,0.5152119352662237,0.8134088627880658,0.4658295772278479,0.8340546897764831,0.901633609480917,0.9269896283341186,0.9691367033366107,0.9108154495305356,0.9371735266206295,0.8507950880123699,0.8294033099756426,0.2627072407271042,0.11871093315566694,0.05848573078409519,0.04091817098447076,0.37028672667158163,0.4406953794861894,0.484897452148729,0.21812083129208315,0.788011945813281,0.8339928221488005,0.7269074293798463,0.8605471913840118,0.1287454665496814,0.20309072762318653,0.34449662531226144,0.46613974413952286,0.69285754312221,0.32345185307919355,0.4820470241379438,0.41149608842163077,0.5426580564096113,0.30530920868773437
0.08676444519288773,0.27165418321846857,0.8519248554685492,0.5656742741977397,0.8208176425457503,0.3944535346475734,0.8290341215847773,0.9054945220983311,0.9243199125835009,0.9662325342134207,0.9065853185557833,0.9353999080333949,0.8359773300341456,0.843927164931646,0.26758709173377704,0.1275978382487672,0.05942012609015451,0.04315625216561442,0.39113044861191115,0.45539722501043944,0.4495579139992062,0.35339003071089514,0.7944880477843921,0.8418605618555385,0.6837279850058418,0.8448731102059208,0.10050561220230336,0.23171611873145953,0.4801085440639677,0.19174117751370603,0.6901001311394671,0.3253093480962066,0.3097224790900971,0.46794564845782094,0.5371421029748638,0.3071501850058853
0.13705918894895547,0.21184560575978595,0.8232641184668612,0.5888210813936303,0.8086184436605777,0.42431870614651074,0.8426594499447997,0.9045848038963097,0.917031386934623,0.9591824573158312,0.8790178810311904,0.927615453181489,0.8542940561906487,0.8423975823890508,0.2705251007164652,0.12688693708202553,0.06564732190799999,0.04804269653997123,0.37804884482864737,0.44187900360270055,0.4456883276918086,0.35537244521822076,0.7912797976546225,0.8403379674292237,0.6439484654111987,0.9085529499576472,0.08411432930187085,0.23614057007645278,0.4165462305258248,0.21365793286416557,0.6767326567759354,0.32409453861479376,0.4527379555679984,0.3865623254402306,0.5127186974159489,0.3014538259835067
0.16124930307020413,0.1632685658899682,0.8437580604425052,0.5576193697904048,0.7721775996997469,0.4806026604117894,0.8456751387379724,0.9083419534189889,0.9087066537256722,0.9509592003704825,0.8665913212725815,0.9264176410013913,0.8734603790036815,0.8419163730262382,0.24754714043072862,0.09905819970505064,0.040024023134939635,0.015894495908004402,0.34554731268581645,0.41244486028104066,0.43710523980252214,0.28540404077625076,0.7821464834083601,0.836052633181033,0.6686410034617262,0.8697297642603483,0.05907381526579164,0.21856341592864786,0.4554140255471316,0.2814126356783644,0.6609501192053212,0.3228310486810263,0.47029554036242943,0.39793737274119095,0.4841237980330886,0.30884233306632125
0.06532319777599421,0.262802853747044,0.8369207591291463,0.5588719301930442,0.7968696642223208,0.4132784937977198,0.836908287665806,0.9045366936108085,0.904078140582533,0.9493672358806373,0.865704226529963,0.9258910770251474,0.8463083025190137,0.837130629457338,0.25792014153634724,0.10571014493865455,0.049941456454249133,0.02859666665819005,0.35358685476135565,0.4359925451906984,0.44710080619848497,0.3060235726842326,0.7872565702426012,0.8429817850856844,0.682364972256551,0.8311100517246333,0.028788689069589146,0.19586867046240714,0.639478176083428,0.13568771314556635,0.6412445736035083,0.3291095254750319,0.4376657819910224,0.44690709068009565,0.49321843917155755,0.3221503549321427
0.10145091732929573,0.23740683896499665,0.8127660332199171,0.5931238705470534,0.7560025071095013,0.4848920275756177,0.8356317346587117,0.9018983203670559,0.8977082128377012,0.9407101659903527,0.8461232972767584,0.9213395670860443,0.8400890665941239,0.8356633073336803,0.27218639994666305,0.12094505846336995,0.07122257920023523,0.0548535671524118,0.37230017996605336,0.44016152436015943,0.485441259690214,0.2479187366584407,0.7955117569679446,0.8462583364695494,0.7203112787707384,0.817110320626089,0.1205851662250092,0.2302805802782204,0.33120588577312615,0.2933059307845698,0.708501022359406,0.3114120225672369,0.6758138213469177,0.22459502838010642,0.5552621263798079,0.34074132450636063
0.11233793508997603,0.20906524300397683,0.8329201866052321,0.5270302336823842,0.7979678444841758,0.4290104356404476,0.8256824139648726,0.8963306704367455,0.8988481430074213,0.9417566493302898,0.8482080468980115,0.9189487118705326,0.8233492376580323,0.8345934955564467,0.2795274896843414,0.12573900854343234,0.0843352661326287,0.06946968351139121,0.38782390495178715,0.45142067975329514,0.5123751202148825,0.23773838342222492,0.8070121902040337,0.8548029457003308,0.7235998524863202,0.8247240924518158,0.13527683537683088,0.19590050378455742,0.4512645142722431,0.33153995707583617,0.688100476031288,0.3120286030908896,0.3379426797323167,0.46032328532553046,0.5434065172170884,0.33691433846346075
0.11436780793606949,0.22855188135759183,0.8502175694027498,0.5694688047959461,0.7644043951207236,0.5101041720170364,0.821975522680383,0.8957188314433095,0.8995886143217438,0.9445278266230783,0.8601118688130953,0.9217442710142421,0.8251185870098114,0.83109291303866,0.2713023832621142,0.11996030492554183,0.07559879054874974,0.058028121812800426,0.36840507387586974,0.434759623089535,0.4439412653077332,0.334828284595143,0.7954081161688336,0.8473389464597474,0.6761264532720175,0.8604173147408984,0.11807780721752181,0.21852727138217576,0.4439852179898683,0.23738830224450763,0.6900347499922668,0.32857223578621597,0.42707314255896967,0.41955961191097385,0.5383962381589811,0.3414648801028457
0.13460821960893327,0.22560732824620613,0.8236517801781997,0.5503110918166626,0.7639107313928162,0.5215956355250507,0.8184269071723702,0.8931583987710314,0.8968593927451264,0.9428637336077386,0.8431071234592469,0.9213307383249156,0.8274894970782345,0.8207889700202186,0.2757524980859558,0.122748271563145,0.08480704670724315,0.06732440504162351,0.3656701559402717,0.44808157467461823,0.45686374844465155,0.36748227837429015,0.8049462192929588,0.8523816008088232,0.6494405361372507,0.8832655960547525,0.0939315256575165,0.23372786618044422,0.5628827765521133,0.27025115675113504,0.6822081351948964,0.32194086691120605,0.5502816896499041,0.34744550958884124,0.5147291366037331,0.3391319604427001
0.10514762394659527,0.22060248083056685,0.8284611055301824,0.5385713184592021,0.7766357700135543,0.4454833225054181,0.8135015263047036,0.8904685763051747,0.8923359513873348,0.9394380714482218,0.8444829175570298,0.9235164129738352,0.8143086551915318,0.8289682882918783,0.272917631364844,0.12117534878126163,0.07891837683712227,0.060558066064883787,0.35878459878704755,0.43320332766303427,0.46033123445588625,0.2983424833626196,0.7935900744261537,0.8373369242259788,0.6786989903420532,0.8371094629544469,0.06959569628734841,0.2337404734863836,0.3957534064893954,0.347928969428365,0.647760957529824,0.3328621172044017,0.5591181386345616,0.3870319506272435,0.4845929038039488,0.34838472194294184
0.19824489364597975,0.08918670058529327,0.8518419169384982,0.5412945631449962,0.753828626798151,0.4695328701931633,0.8052336253429713,0.8851323872822894,0.8890871082887533,0.9356339490884908,0.8402718567715328,0.9188852159761579,0.8112240790070653,0.8175610281655459,0.2751396416813971,0.12296474182906342,0.08349528472172324,0.06943657019476224,0.37161112268954055,0.43258349525097856,0.45495782402962914,0.34124653212502987,0.7973559626286154,0.8472055571500391,0.676518860853572,0.8536655571808288,0.03383135724358016,0.208264078600216,0.33541498674391546,0.37975514135464983,0.6327871579778355,0.3280389965494592,0.561388784205287,0.23227339243755232,0.47738426662595745,0.35249133388851084
0.06391588012008159,0.2667959789476102,0.8774632292355691,0.4990377301901262,0.7587959250012609,0.48441108473054767,0.8120220867726673,0.89067001044926,0.8921542326094368,0.9437342676937368,0.8529967060916913,0.9231606844381053,0.8207466538308904,0.8173382227518478,0.26629547087538147,0.12071099234360178,0.07598946207397822,0.06027519360003192,0.35791502690241,0.4368199454394728,0.4549961909600137,0.2779524313301647,0.7976514872263796,0.8502606789700412,0.6510823177009822,0.9221827567898229,0.11446876414896029,0.26861324732328323,0.5497340019977474,0.1368549901240071,0.7166206224838778,0.33712589033767865,0.35773416165146044,0.4282532615067683,0.5592136694290502,0.372596463050627
0.13456429836688277,0.2286724595535056,0.8145070699725264,0.5829633557212155,0.7950465761395161,0.3830151746513609,0.8154630789880934,0.8913755384878419,0.8934499080539223,0.9407950889813808,0.8542016190598634,0.9233386419386037,0.8185831142375894,0.8153765890960155,0.25404469047684974,0.105880912707018,0.06195369167559739,0.04147788969764493,0.3370568567679362,0.4259845562063151,0.450163076338209,0.3013940607844606,0.7990642894017402,0.8517483623420761,0.6622076152779398,0.9149413286911238,0.14156836128081546,0.24058394234914993,0.44178458437788787,0.23420828626575765,0.7285727434301624,0.3229738649527987,0.34949255680627295,0.4305414495314011,0.5594439529190903,0.36101149951423467
0.14958747056880312,0.21441555076592764,0.864586942286763,0.5669639506000985,0.7889397358092866,0.4356229127939265,0.821800200206886,0.8940015556907646,0.9005265941249369,0.9480516512725301,0.8723038713048628,0.9265816293690616,0.8157581175418085,0.8152984066772571,0.23098797684933187,0.07805856811960599,0.02861408421139039,0.0,0.3048847085880512,0.40075136277225376,0.4347744127089581,0.26409631314675297,0.7839549248927093,0.8384892072014225,0.7273055665694022,0.8710832079110409,0.17368567079369407,0.16378788036259356,0.3926658042527362,0.3894874974685786,0.7321817692027827,0.3229828511248473,0.48687581785692563,0.4249478802119192,0.5508355898160449,0.3611909611652664
0.12929240256757873,0.2710646341556563,0.8251956048982546,0.60043457819117,0.7766135904268392,0.4532067361589899,0.8258343011103493,0.8970763065152438,0.9007695033454073,0.9469116135264555,0.8670987759646706,0.9244116130323787,0.8190896566277763,0.8195313741149072,0.23814788680062166,0.08224892871520406,0.033663728356421174,0.006372747539649837,0.315596175637115,0.39617756303521506,0.44145950740934825,0.3028540800845983,0.7901810088651686,0.8329714364534517,0.6781225007078734,0.9279692031075396,0.12647186542452832,0.22989265367283823,0.6120329199231243,0.13094509387704265,0.714924713996743,0.32405653706659066,0.5417086580764765,0.2801541556705731,0.5340445146043398,0.35001117210779337
0.10393846372794108,0.27551691069738915,0.7955045211167288,0.6071881685776909,0.794489555652364,0.40553139642255787,0.8272766123620074,0.8964009153549217,0.9001334841516879,0.9444259870780352,0.8638607809824104,0.9245014827462484,0.8217876625386771,0.8221164961328534,0.24120455213911102,0.08772656891001113,0.03607183164048888,0.007230323382324322,0.330486773384821,0.40082763945188515,0.42917757184827027,0.32846083970367734,0.7857843778343118,0.8356033357540099,0.6445983440052734,0.9069510731155632,0.10669923072337861,0.21258478525131047,0.4505155213045875,0.241365588511729,0.694235979772326,0.3266680487289908,0.5477410640621119,0.3299207100071445,0.504925397948965,0.3585539391837133
0.15796504232459718,0.1999345057677988,0.8779245353421686,0.49057898430447733,0.7796051187930534,0.4691500658164472,0.8302168727077055,0.9007411952048028,0.8957250603594131,0.9429774603686879,0.8508947671153777,0.9228856636617541,0.8257528391918715,0.8296449241428329,0.2590615364650563,0.11033369186925801,0.053682616741165756,0.0333151817882108,0.3508637643588549,0.4311813120627571,0.44135589244555584,0.3305889078508049,0.7923368801247579,0.848791073585937,0.6761794270475159,0.8844022573704667,0.05225785562895435,0.2290068238600902,0.497181323142624,0.2869812281962495,0.6774821975556559,0.3215930501263292,0.5143811443401467,0.31459225755827913,0.4745527296773407,0.36178628116194833
0.08867763356446567,0.2309471200905003,0.7966598495066498,0.606424845750486,0.7920877688836119,0.46064284393155885,0.8411718205647427,0.902682908592531,0.9001460309292999,0.9485575929523724,0.8597284134009218,0.9266830205825413,0.8431080514216576,0.8384701640994814,0.26801228507423913,0.11892645360853876,0.05967414070387217,0.03922939295457417,0.3716059345210041,0.4451796877484697,0.4823160816225517,0.291154455426415,0.7981161194581399,0.8507434612563529,0.7058653035761391,0.8582904828044213,0.1408805930261725,0.191697234244319,0.34538653768365574,0.29504047894319296,0.7494668333093346,0.3371638876142538,0.6348780763860821,0.38143437973385913,0.5640633334966887,0.3804710965546372
0.17753504855243965,0.1577617474589978,0.8405761135730803,0.5307663813752,0.7650326316039783,0.5433043211752927,0.8473217024043036,0.9082307890489434,0.9017363429037943,0.946869997477986,0.8560485564041183,0.9237816829739687,0.8425737961393811,0.8382418283904318,0.2756997156216348,0.12123207249015039,0.0712717846372048,0.04933611481091216,0.37979389840680494,0.46290782728323343,0.4726240237346868,0.3274323897383404,0.814625560417304,0.857949296058274,0.7742043741490696,0.8566955317593465,0.14552030262545257,0.24314217294713378,0.3245255385256194,0.419562336841963,0.7543038597284224,0.32414377462155397,0.6056743103633588,0.2192305204381325,0.5708867261548292,0.36679935460045654
0.160818337539334,0.20555235936786131,0.8109376854599689,0.5952214420983467,0.819793540860944,0.43715702599841455,0.8505739269679831,0.9078034010509666,0.9010644001216677,0.9430755946223905,0.8556295189650515,0.9262322040518536,0.8360148732811202,0.8393260561130658,0.2778457751758044,0.12655444215518247,0.07397509543353559,0.05542324586997288,0.3969842877035203,0.4519687586413765,0.47794292554875273,0.32076471899101827,0.8124367599883064,0.853315834330986,0.7110194912928062,0.8877350201459488,0.15313531913678885,0.19881703147990287,0.38685708360026894,0.30927857862420766,0.745606747222908,0.32437013791952335,0.5447617995666247,0.3043719622876872,0.561736298899818,0.3598752574869827
0.145004056775681,0.21610272599817607,0.8005939992743659,0.5858222679693099,0.8035588469212338,0.4886222732515565,0.8662600522234241,0.910845277815764,0.9054691768390177,0.945346844913558,0.8617296959767197,0.9248132260840379,0.844642907141535,0.8528363942039006,0.2874583520407417,0.1387956420580349,0.0854875597540326,0.07112738578796307,0.4139658266893118,0.473669160654693,0.5122740067799436,0.28190615626551824,0.8280222338822825,0.8664937936512194,0.7078584843857577,0.8871346445687336,0.11826034855215445,0.21984684335111881,0.4832938325796329,0.2317767139050389,0.7326779023085761,0.33882598165559796,0.4730708781218618,0.3454706676570597,0.5441278879469699,0.3483287323023263
0.1062053547201039,0.22118099990548387,0.8661488750402656,0.5280534823329922,0.8176760184292167,0.4744500165673079,0.8649952761666817,0.9188990283607339,0.9083941609883099,0.95072447479459,0.8663621822122501,0.9292230339876532,0.8626898649809007,0.8455940608614693,0.28825465812246026,0.1394016576489583,0.0847339513339514,0.06761107189004772,0.4067437854120557,0.4861225023640514,0.4800589706861156,0.3528408192690066,0.8207564673789445,0.8677642034530694,0.6809921889173197,0.9240107032907092,0.10096256300274076,0.186455720472113,0.2790056303807251,0.41386179438284404,0.7236939865719316,0.32015337283158063,0.4529881629259202,0.36365658775481485,0.5198073711081265,0.34781599290783366
0.06246945776464724,0.2978015416555359,0.8266826178261282,0.5914625416454646,0.8401913863488424,0.400494666214662,0.8766724720514674,0.9199410425224516,0.910556315453416,0.9504947454069401,0.8734970880614623,0.9279199906592441,0.8602592255551497,0.8636833574979866,0.2939359558466917,0.15426228979486112,0.09034115332933507,0.07407237675470452,0.42065872283541184,0.4906802458333508,0.511469576255689,0.31169103673570225,0.8205602500682909,0.8695745957932322,0.6875768235577766,0.894040755761876,0.04572463884157851,0.20157233530777224,0.4498296927382067,0.26341230819649175,0.7076690849672522,0.31383569837151803,0.18663886940749913,0.5758419639944847,0.4861040864887973,0.3533042017828274
0.11705715410640677,0.18536608769050544,0.8246113211531748,0.5698897904690244,0.8140896347043739,0.49285869322241604,0.8721201690360711,0.9216559697374591,0.9088341690518151,0.9528359805860493,0.8800809269239391,0.9270416886841613,0.8637341689232687,0.8647757117210527,0.30122447535435415,0.154724200707192,0.09571480988308495,0.0803448601813529,0.4455355269430554,0.49367929119904447,0.5025693220960724,0.36454321513731414,0.8236919435378083,0.8672389979580033,0.6608678016501233,0.9066627532614528,0.07241233303850331,0.2377299602961903,0.5710655225905139,0.26608758514707315,0.7592215621185547,0.32419745542508316,0.6051608860994148,0.33074116130093845,0.5519264555934719,0.3715072137222327
0.0998646415990021,0.2279034841341749,0.8577921237059014,0.5246524735933699,0.8441928419246639,0.40297867258265263,0.8787229778467368,0.9217052047900963,0.9045820954999648,0.9462455873230888,0.8590222637717293,0.9254084383804293,0.8599527462784811,0.8621695168460743,0.3159343861705838,0.17361970053828601,0.1259791000755736,0.11637232916463208,0.46709614567300617,0.5224170108592369,0.5401398315328769,0.36272739480010335,0.8479933049266417,0.8813027933554223,0.6660509349752248,0.8933712116216203,0.10244971063100222,0.24147470352668182,0.5335078309516401,0.16489664453059122,0.7634446180883339,0.3204688380437003,0.3792921487792119,0.4021628350082007,0.5654868020750934,0.35826584594599215
0.21688071424271424,0.11748872697720081,0.8641975747527355,0.525694628533726,0.8300899781959867,0.3661148709563584,0.872532871671718,0.9173959970587012,0.8967332369641969,0.9377073054191756,0.844727708136732,0.9274313982613047,0.8549441210719059,0.853707130733735,0.3149603114459658,0.17776189929009223,0.13108084483788018,0.11945231653013955,0.4477846263073748,0.5181171580654379,0.4886402646521323,0.4429906812442339,0.8391362075930383,0.8704095604977197,0.6863813785541768,0.8897805814210311,0.10435329722068581,0.21150665220687714,0.4662756704592433,0.21065805654904576,0.7626694426977223,0.28980783440615276,0.5124021237685763,0.2540496541627169,0.55386482257148,0.3462106358012271
0.18197838592501445,0.13462752022237634,0.8504756959973748,0.5109068353893549,0.8314146304113749,0.4477196225511898,0.8744096602204678,0.9187676825128829,0.9014255194849011,0.944386176427259,0.8641662187580892,0.9326995642309606,0.8528279129696369,0.861094404348165,0.31038501223281584,0.1752720194754319,0.12478088073802163,0.11279754563036842,0.4446084714313306,0.4950237968231172,0.5197556101472828,0.33733616304003433,0.8368969852278576,0.8711469100087149,0.7070848496486953,0.8760581116351581,0.08720291443443723,0.21625800141897572,0.46184924779524555,0.23213648883239563,0.7571766881433852,0.29720919477373464,0.5540108050832278,0.37347648781033005,0.5366438889109477,0.345797814232025
0.1094857795925504,0.22930176379252581,0.8256116202110403,0.5504268098412395,0.8184942819561438,0.44556813901248843,0.8672903092977428,0.9203427820410887,0.905783151552622,0.9496584675936621,0.8781032614009783,0.9366845988039958,0.8531873945310932,0.8499123974958323,0.29580132452550667,0.15875025164631373,0.10121676584883504,0.08566092837004219,0.40751693848747017,0.47815319223715713,0.5092855027721112,0.34329460139064005,0.8171672389436724,0.8524478264323871,0.7186292459156868,0.8372855545862407,0.06288841623917568,0.22800797471696815,0.5385625758991784,0.17823535360580642,0.735670194952335,0.3066469119144138,0.5952556742637499,0.3409589407887716,0.5127198311935535,0.33900905885528226
0.07876387411290114,0.2429379637124903,0.8301320375312986,0.5450563288841141,0.8182041715302486,0.4077152294490469,0.8652036479537253,0.9153679721403921,0.8981680153099412,0.9409721855747754,0.8596368748272386,0.9313431174478903,0.8442977907679665,0.8444280593239779,0.29206842054673554,0.1537696276375768,0.10056579225430806,0.08575032057703313,0.39039105748250547,0.46316987616957467,0.4813769373715083,0.33717754384467147,0.8063164888863721,0.8519587387066514,0.6550933696615526,0.884533521753384,0.017397365948103538,0.25178180230356506,0.4274815852086624,0.26553412453216857,0.7042564696493996,0.3106007281505078,0.43077487137120307,0.3279963665934341,0.4825067189964537,0.3332102080147823
0.09711537005938053,0.22033660547528694,0.7957096688856465,0.6128043878549233,0.8072938092571473,0.40230368280186035,0.8496241857201696,0.9106131635222979,0.888234010289763,0.9398738108284992,0.8458003042233762,0.9290753461805723,0.8379947538269031,0.8462556697114938,0.29629094410105405,0.1501277552526462,0.10965663348520349,0.09550121368141101,0.40964269133017694,0.4728399173903069,0.49372292451822447,0.3485747921666741,0.8241322381243733,0.8608434816322322,0.683481552632577,0.89123753365606,0.06690547223565096,0.27611407685313827,0.47720341282666767,0.25817245757251095,0.7764252123421256,0.317504552379141,0.37304562480034803,0.4542314199444986,0.5711501696437511,0.3540675258694202
0.10289017604975781,0.28762436997715396,0.8847338949971527,0.5117883091654339,0.79142970968263,0.4703389680895256,0.85623100003102,0.9094433432742792,0.8964593918953918,0.9420412774850377,0.8683806727095633,0.934640668936672,0.8227135881145506,0.8407495465212365,0.2694112913299412,0.12512698775414272,0.07422685053298295,0.055882633926177094,0.35577284313002494,0.43549195626946036,0.4282676227369864,0.34355778106530466,0.8011492983629084,0.8398792504641541,0.7344048817943007,0.8556425498827629,0.128822906931515,0.27130097283940413,0.5861788735590248,0.1854652500797969,0.7978344940174258,0.3042593675600185,0.5869822436416534,0.33427454220101305,0.5873497426471717,0.34493334779053086
0.16902928185532518,0.22571108964951284,0.8447970698386473,0.5670156137460225,0.7835029724328865,0.458238698952219,0.8398566086453169,0.9001849824003072,0.8863290028402844,0.9335946516922441,0.837665124093203,0.9263606661159818,0.8190612735767303,0.8230614481404874,0.28516615385782956,0.14029015093775216,0.09909537782020761,0.08677958213194448,0.38585983741197905,0.455330075413486,0.44512759260472257,0.3727169892075594,0.8239586296774444,0.8540527783206175,0.7286865193502527,0.8409156340049071,0.1370442714236108,0.26423426816264106,0.39586012808905335,0.29504969882352633,0.7796177998245218,0.29720329501665554,0.4983963092033562,0.2688836708454949,0.5737515807139133,0.3322767459494871
0.18982901907723773,0.192408246431506,0.913363622747962,0.4802978045231069,0.777357095377382,0.4270799606365525,0.8371550249233417,0.8989393764911642,0.8840767818299616,0.9267091336773405,0.8307156697686563,0.9250421955709629,0.8154811576108024,0.8214357536614545,0.2849325956281693,0.14282646096934554,0.10068350122215053,0.0871808844559544,0.37446189591891754,0.4409502301576228,0.43971068970915483,0.39846162423081355,0.8168231314016832,0.8459294160899453,0.7283459618557983,0.8369778801488443,0.13937741248944874,0.25630664598647224,0.5686731749691838,0.13833570590438118,0.7763977451856866,0.29339828918315086,0.6313806764166581,0.20612771938019803,0.5615866110426107,0.31862462641912226
0.09974392074705885,0.25252799451972535,0.8148024061473138,0.5880756015849041,0.7831832812674148,0.4343709455246655,0.8291598091318759,0.8921728891436584,0.884240132937413,0.9274537424148535,0.8288304002382902,0.9262197082459986,0.8087462540118907,0.8228311860964075,0.28292090507712336,0.13786029964933644,0.1008633301094145,0.08551105943280085,0.3797724180084687,0.44591471744089584,0.47647646661090537,0.35748811956441107,0.8252019595186998,0.8562068084076333,0.6422253513699976,0.9137636832428888,0.08862284843287843,0.30979645922416554,0.5223734094809006,0.26366151078219624,0.7641606098747835,0.28396586413252756,0.45559601392212534,0.4010818004285012,0.5364625370630106,0.316404537897336
0.1371923590761464,0.2464980773553048,0.8689853991657784,0.5145581397027729,0.767871014311735,0.4419047198266305,0.8324163492619279,0.8934665323222714,0.8845578892529637,0.926299193223254,0.8296796362761732,0.9270691067426858,0.8140490775485205,0.8185394016077382,0.27611732511837883,0.13000431967865367,0.09101875393668002,0.07486437004085317,0.3576780662765583,0.4212856102732866,0.49966300570393113,0.22315233275765733,0.8065455512092679,0.841110947496712,0.698179460960462,0.8879585345891464,0.056662571566152675,0.3060466171937939,0.26427595905000134,0.5313591125604726,0.7231872400691586,0.3099017161823653,0.44974887965510335,0.49208514033879264,0.5069184078626293,0.31219973975155046
0.15072596020499146,0.19615084914235603,0.820543577945179,0.5262706102801384,0.745175431547796,0.4671736270380179,0.821999151480178,0.8914636350852589,0.8799669061110043,0.9266531325210765,0.8314007155880809,0.926533077657408,0.8011692328473223,0.8081721263972145,0.27280089489066106,0.12348756626800722,0.08513890292913295,0.0664681306588567,0.34927611537728676,0.4284329488832288,0.41833606357050257,0.36829682106330297,0.8075913205157749,0.8442301144640986,0.7282742863191363,0.8335370692538688,0.10548866304342913,0.2721133897416935,0.45146290383402,0.28066059349805345,0.7793085089415368,0.3012961924979677,0.5699908782872967,0.31354970692687467,0.5750042316420441,0.3245620925957924
0.10045836274015124,0.29943435476836744,0.8048338910945154,0.5590898065601093,0.7774579475508784,0.42708446378280607,0.8369092644824827,0.8966740413044665,0.8807296575811123,0.9253447943648097,0.8236657386664499,0.9242010789484634,0.8135029100507218,0.8144376506532081,0.2782659768025934,0.12926815279849807,0.09126618775461764,0.07190165357667733,0.3538301560007218,0.4303495938088103,0.46944240608983656,0.30217977101790616,0.8149656665838529,0.8423674619269834,0.7409826768556367,0.8418169869217536,0.1703475138540847,0.3033953003340679,0.46818383373492195,0.28627611048849705,0.8050232247973002,0.28398834700993686,0.5482569313181258,0.31950506828929526,0.6044677918451526,0.3126319014952095
0.19799363799762443,0.23789896774177097,0.8332273798081548,0.5525378475671006,0.7472075273212373,0.48863800742556124,0.8249516483753516,0.887854416876134,0.875882628295795,0.9164866723315529,0.8054396215074247,0.9196258808967985,0.8086416324102628,0.7913730905998646,0.28317117651814194,0.1316350674187855,0.10197355231550964,0.08245107748495611,0.3490836233610817,0.41457492903233695,0.4798801245806822,0.2420032888018547,0.823985873580745,0.8431587314110334,0.7485179649868589,0.8254771651344632,0.18061815052239413,0.3020818977994574,0.534346071353843,0.24716267766863542,0.7988022169504245,0.27819951099256496,0.6501788166534382,0.2337068643558,0.591531369673681,0.29530461090814764
0.25132989616045387,0.16376531488619078,0.8488537301448019,0.5251911055266681,0.7661472198473545,0.46189382385448885,0.8209107652716671,0.8877348293159694,0.8758980042755566,0.9180730060555868,0.7992555812111947,0.9143551308945074,0.8304853107018186,0.8113715761003402,0.26689148837825805,0.11033257472798169,0.07918691995179894,0.054286222982281584,0.31569324001514754,0.38937979960033986,0.4578855854116864,0.20923551643446514,0.8136209980746945,0.8381337204811599,0.7169201368377391,0.8429918254084678,0.16588289500843206,0.3190120409605835,0.3509919057815472,0.3929137617259292,0.8005598952809574,0.28449820146801635,0.6704826758140346,0.2889959510463314,0.5819001205019924,0.28243331979398845
0.1988039196398878,0.2802203258028911,0.7862474709567446,0.5574221046509562,0.7270995901071582,0.4716076085586536,0.8132308930139214,0.8841242769169647,0.8692793173028086,0.9094912456134121,0.7848872996389917,0.8999644670063893,0.8387676816882976,0.8330138897371215,0.25959655034153967,0.09749089061468047,0.0678509866443317,0.03949858139649942,0.30225590287961857,0.37286628602377303,0.4624660082755683,0.20955863571737082,0.8015601397764265,0.8232521405241865,0.6709146479872123,0.8843588321066167,0.14752940818700988,0.3411290711772934,0.3469769665124107,0.29180813245973375,0.7751880830716651,0.2942339816188199,0.4478534516003749,0.31240934343389276,0.5563010899356787,0.27883391716208294
0.22245029631869334,0.17201741141358146,0.8364784814505146,0.5109609040360106,0.6978381760474772,0.536520694166193,0.8141029019001719,0.882479409680397,0.8618107756443895,0.9055624674729418,0.7757384110896192,0.88592257005257,0.8523850396942066,0.8318606715036994,0.2670381657181139,0.1069852987360243,0.07574078595194772,0.04741634624753538,0.3048701942737791,0.3829085254626259,0.4101580881404753,0.3054964849759112,0.7965267866824897,0.8265468175746362,0.670760178266063,0.882149326724033,0.15135289562579435,0.2903613565923835,0.6523412776299444,0.09992316701363088,0.7625730736285337,0.281094855149767,0.526083686127459,0.29704733358651525,0.5334929721037618,0.26190620649736607
0.0998101597883963,0.33643456267335753,0.7562272323825479,0.5578631837548913,0.708360343263973,0.4980507823049575,0.813940296228845,0.8829315798267684,0.861181983823444,0.9066485780279047,0.7768905608064722,0.882633920491133,0.8675608172012541,0.8325471832238615,0.268388000022907,0.10708632115141131,0.07550490833190754,0.048554844639992545,0.3118264989103929,0.38083090301412326,0.44432193211760773,0.2708588028512791,0.7990274070929309,0.8263796662154309,0.7004361966962376,0.8267109034300737,0.0757935078046586,0.347204435455052,0.44181392633450617,0.22699677284081426,0.7390018977012629,0.2742051050390079,0.6201122679597313,0.23753040546225102,0.5106904685361513,0.2709198083957378
0.1407391912376592,0.2468767328777879,0.7874167653698959,0.5606985258110593,0.72596769294925,0.48375465139568746,0.8205105080529491,0.8866195324991114,0.8624775421392239,0.9068772473177693,0.7775564376863533,0.8905333302439424,0.8517346876231743,0.8355032820026873,0.2840770712132937,0.127826417687953,0.0947744845032612,0.07208678337982394,0.34820587458502683,0.421658403143626,0.4286752320147166,0.37026410163750534,0.8185364111068982,0.844800184275791,0.7353136121863139,0.8405036288050906,0.14897379053681653,0.35816031506724244,0.5272780479440057,0.25344328835702834,0.8224644913063783,0.27831398717341976,0.5071506439284845,0.27466854486112957,0.603042048879022,0.2965017719967881
0.21624490120994536,0.23004816358102925,0.8232815724161676,0.563650802282872,0.7727633650069893,0.423752598060109,0.8323560616025326,0.890147057386631,0.8730414712252584,0.9124168196925178,0.7900533871401738,0.9037516490662187,0.8455673313538918,0.827814965434579,0.282047717696944,0.1264777952494729,0.0929571905503856,0.07042589862382731,0.34979845344389615,0.4118040336764199,0.4776706333197144,0.2577153021343779,0.8158246257189733,0.8342026553473547,0.718754568378425,0.8531298722449285,0.17772141934860544,0.3600099149241044,0.3979511078092444,0.331815668672667,0.8112802179085474,0.27999462941218545,0.4795591960937859,0.3727301837644945,0.5980743569207878,0.2778172603911646
0.2439961358366894,0.19648635163038677,0.8376628219477509,0.5230770217287312,0.7788164072891609,0.42867979563108116,0.8310265782448958,0.8854345446993004,0.8787916124277457,0.9142876538078758,0.7978416093418574,0.9091653087105794,0.8380768814710859,0.8296082189446172,0.27504169300114895,0.1208585395283942,0.08679756097032992,0.062199678662517355,0.33404584555113936,0.40644001084144665,0.46974523243762234,0.24084445307395586,0.8099633131615529,0.8343892023591437,0.691807875287545,0.8623989678726436,0.17343376847755226,0.33443794969027396,0.48554888904463844,0.24803299140158908,0.8139331024368697,0.26090423611798835,0.39593711673320453,0.34921351275901774,0.5929508676442358,0.2680970078750572
0.20072494520131873,0.268982577283186,0.8594810239428026,0.5058291208728868,0.7562156213402333,0.5034912597188483,0.8308034608671775,0.8907125924648962,0.8790204981877513,0.9148355347416786,0.7904806443797646,0.9086684233885194,0.8368534953453521,0.8327565426728425,0.29027449574476377,0.13161260248776974,0.10728580486988387,0.08426542262222242,0.3646460775296797,0.4342096865594526,0.4271063111790986,0.38125261595748194,0.8224454259476152,0.8455369734819087,0.7167646168005248,0.8514596636559171,0.17454079307828968,0.30122681525090134,0.466057399706593,0.200753883414006,0.7988652061765344,0.2573135281815871,0.4105861949579362,0.4472490577743458,0.575285905820325,0.2638979831734783
0.1982080122247168,0.23213962533304633,0.8428828645024744,0.4909143563356325,0.7672768368698388,0.45477664131777074,0.8301727627306106,0.887977466985828,0.8819920429461501,0.9178061126515024,0.7950421421884186,0.9135890796930854,0.8393174484984135,0.8294775525734569,0.28907103216290225,0.13658323953549134,0.10547417545196708,0.08603716917506732,0.36815863109065505,0.4337572586272873,0.4525949345962,0.34797129568546326,0.8158717221467913,0.8443472979622306,0.7297164872826899,0.8342900871215456,0.14320837489284244,0.3001040369073621,0.4167803397969938,0.2390135040943389,0.7789413649362442,0.2482300812723161,0.5573039312774098,0.37201221059650896,0.5488106753187801,0.2612999212152278
0.11619557682512016,0.2774572631447446,0.7528124577142103,0.5656399435536363,0.7954269955283273,0.4183786664780634,0.8366547010691525,0.8909804132327077,0.8826532607747151,0.9174020564581435,0.7939554666379032,0.9144002722883202,0.8433530803274936,0.8178163014156055,0.296818614375766,0.1479794498820048,0.11735977079210774,0.09952829641437805,0.37577973243152357,0.4489154422962934,0.4736590590841026,0.3203302824446923,0.8178879716878291,0.8465257324270947,0.6579174114450663,0.8496526342087258,0.10978539921851743,0.2689569978235989,0.33964523666329904,0.2798122412893924,0.7423825547811714,0.2709336967118599,0.5375663510907169,0.36206032799365423,0.5207156034374776,0.2589915983979079
0.08694796849652675,0.31755261496334164,0.8101904823201008,0.5252203115641157,0.7663106667701539,0.4599097005761442,0.8294886673315405,0.8881114669660337,0.8743033999378604,0.9145290995721513,0.7846073587871565,0.9042921542070912,0.8453813933932592,0.8264586434507737,0.3003085218885254,0.14985394802081714,0.1237855626088028,0.10358228642223871,0.3830029427990025,0.45761617099002194,0.4601260344420245,0.3919485923648094,0.8207475241368651,0.8477555744795158,0.6612876174191102,0.8651270880228017,0.10469116616165902,0.34080608016663416,0.5331821147905065,0.14662356654994801,0.7866209179562444,0.26386944685899016,0.5416335805193762,0.35704890640715753,0.5799421680693452,0.2788373668495404
0.15534957419121337,0.23616558022335946,0.8157476544158028,0.5281758502752981,0.7542981084555763,0.460605998687996,0.8441621147073578,0.8956565800305257,0.8838396563542968,0.9177502496309746,0.792743716584724,0.9110821259310004,0.8504821013718913,0.8368125087532411,0.30320103901398054,0.1597390909668321,0.1261895948741945,0.10877748236683021,0.39961417384018716,0.4544168372618657,0.5314258636385344,0.2390413245822963,0.8323822671878416,0.8574268060312695,0.7209989350006397,0.8400561633729413,0.15995753529177353,0.3160056984558828,0.40376298180012765,0.30375268258355087,0.8142607421542958,0.2417384193153141,0.5964848729257897,0.37682060257771577,0.5956159889067659,0.26650765963429124
0.1724609828850589,0.21383260353919847,0.7893248152615182,0.5714555816566216,0.789851792524772,0.4458661266969722,0.843116075189126,0.894895980047403,0.8894014503244922,0.9250329701091415,0.8049229594979928,0.9168298048068129,0.8445114298241134,0.8339681019566989,0.30353250121863284,0.15809284214151476,0.12559210134378618,0.10651330147796989,0.3825994008071263,0.476775733570328,0.4752115501185745,0.36547269013219164,0.8296205396481069,0.8542991785247013,0.7197780838017825,0.8235032041000777,0.15472431815144105,0.27160948797402107,0.5320653356100644,0.20496734030087693,0.788567499038648,0.24885764517581316,0.5427461270008872,0.2966714095279246,0.576728326516768,0.26281775912888017
0.13424558051083973,0.2788928227724695,0.7964626700045272,0.5479809567578965,0.7383382399733904,0.5491232152058889,0.8491190167785139,0.8955822309576291,0.8870270689498398,0.9206647506729866,0.7969140298027955,0.9087679068186386,0.858609672891969,0.8331454444224053,0.31122252477741486,0.16736597717535145,0.13991351708252603,0.11966139831595118,0.4120730176183073,0.4781324133415907,0.5208804888276212,0.3016695971207105,0.835574680464937,0.850216874026148,0.7192627109696809,0.8258124506191824,0.14217904975959866,0.2917520342093568,0.3788398170617527,0.3028746098071508,0.7743171245794527,0.2534322883128767,0.4760413751220854,0.35261181586886486,0.5646518353288045,0.259876802781087
0.13921691066909248,0.24975064310034276,0.8212504043105311,0.5219464695427402,0.7840239873140997,0.4322327425756839,0.8404368277808723,0.8942524385010131,0.8846314647856393,0.9220071772362683,0.795018964220837,0.9096012742771372,0.846365049002427,0.8449568883806274,0.30584221538794865,0.1595197764361559,0.13341693211594974,0.1140180047013874,0.39511364199710297,0.458337463606644,0.45144667144914313,0.4336572940570962,0.8272651472923962,0.8506192172337833,0.6025975788632941,0.9228036080204464,0.11415553107992954,0.3085180109425967,0.41787942462049565,0.29567907836461743,0.7575541412859288,0.25525362842028987,0.49866835688139877,0.363593048293347,0.5435200465546013,0.26131167579395376
0.11076619053449338,0.28873721332437285,0.7418945429847941,0.5854214786550257,0.8154822295983315,0.3820579136350881,0.8348712191253405,0.8927917111269802,0.8882353403704142,0.9226301788000228,0.8034635329590953,0.9139144322560064,0.8376916845235416,0.8320876404670619,0.29790060613827524,0.15240806519733813,0.12323988027497812,0.10308129532294369,0.3728471577378807,0.4419952017750153,0.48813704925352225,0.2805987092944696,0.8203220526209634,0.8482704499992813,0.6646736213081009,0.8842523077063419,0.07119723924584992,0.3095914056605809,0.3816067253602372,0.43744378922419425,0.7527672803957068,0.26280070561494606,0.49622093476201784,0.39911429902218015,0.5664582056372509,0.30617608137496666
0.12775280920625198,0.22443850485974162,0.8115394550740817,0.525441852310088,0.7986853471966465,0.45598613992936166,0.8395923029705645,0.8997498373551942,0.8908622821621146,0.9295525511768674,0.8165538949900444,0.9177674109252241,0.8392251474007799,0.8245203715775847,0.27384079422401775,0.13518802377536543,0.09173905658083503,0.07460264756858864,0.32633797994242075,0.420174904782696,0.4340080666888545,0.348046903068312,0.8186845308984042,0.8628662801896496,0.64996155167922,0.9173405283297169,0.056234617664398134,0.2855083153378282,0.4979152958141143,0.29096759777454617,0.8334432151929574,0.26013344198108673,0.685804437897757,0.22728602395176634,0.748207723933344,0.3860332251181903
0.13475390505598084,0.23357606443961526,0.8164823400668684,0.6041368420140856,0.8321547993535814,0.4450251312574717,0.8460850762109866,0.9076048553057735,0.894429937309808,0.9342428940071367,0.8255699616877891,0.9155693435108804,0.8359086383932182,0.8140385800632747,0.2559373269487222,0.10225567261100454,0.06484224643828068,0.04190812817455131,0.32963576660497,0.39288361495295754,0.4494167243936186,0.27664494459825345,0.8364566230937212,0.867275032370709,0.6480291345631989,0.9257193862182478,0.14240898879027125,0.3175459340843203,0.36204631716033875,0.31021830013298335,0.8856207081273686,0.27027944323031694,0.5626107867363751,0.2799289220742771,0.8105136051947417,0.4090529956791974
0.08870964209386839,0.29691286983559734,0.8541606098620527,0.530366191959603,0.7990608591474914,0.4599721701447811,0.8489577603282976,0.8970361048692186,0.8775765245242262,0.916863451971548,0.774113522225445,0.8818053727130356,0.8260316532124682,0.8162608151719489,0.28973777744602475,0.1496907177544723,0.12041704981439383,0.10234021430006623,0.3906408249527284,0.4591141271361013,0.48389196711812116,0.33369378399757565,0.8973435558330563,0.9246461942728027,0.7332931470958532,0.8774511793415325,0.13781147606422062,0.3108885882999797,0.40643145978049117,0.2849147243797031,0.8831197874081004,0.26302159003308906,0.4183291386779384,0.5422243292277094,0.8333714960219617,0.41127846432345205
0.13772785259147813,0.25802891425262964,0.8070001302519069,0.5808874498820374,0.7776415220078348,0.4941266535133312,0.8123723081935779,0.8796205219623663,0.8771148429091067,0.9189591324067596,0.8091128004623667,0.9159934073401144,0.8042435476514844,0.7785333466343436,0.2461760433828415,0.09220073370806298,0.06317388408076108,0.03529689987031781,0.293501587856172,0.3510974713878079,0.41464570977062465,0.2529757558587672,0.823809838062014,0.8617714110079624,0.6859520597653238,0.9188906025955148,0.16175505797611833,0.28193555988399677,0.6195972042818745,0.3039072919712443,0.845489043051812,0.26152176943492356,0.4741217225538356,0.48244868161922494,0.7946395405732437,0.3965313249546919
0.15882966868027887,0.21631849782222448,0.8506369111577107,0.4843502630261147,0.7427926890782615,0.5055342042153482,0.8106024597449679,0.8799641351158309,0.8797443550310364,0.9191103631420405,0.8069007585128583,0.9229653112159275,0.7926081018058828,0.7950994967219861,0.2306251728244132,0.07080481809896216,0.04318836915094787,0.009183309373333004,0.26113293143927546,0.32804264622077495,0.40781032088524394,0.22516768521975383,0.8114548035278588,0.8446061699494483,0.6670149732075529,0.943791567064596,0.12950982071066092,0.30638313323767663,0.385844521539628,0.36898772977547206,0.8015126186236001,0.2640639625350692,0.5160329267100349,0.36736591622972775,0.731548032360104,0.3712472577751303
0.16869977999671049,0.22054057158031135,0.8119012738190738,0.5239300513573195,0.7783449261894783,0.35892995921758103,0.7999499420869224,0.8697451793922615,0.8707423817194584,0.9121987747009735,0.7831772552519737,0.9099914887654331,0.8014492582526861,0.7736392221613599,0.2466829346595033,0.07628862958169547,0.059899389799448866,0.0279924719049498,0.27833925383861824,0.3657311090688533,0.40749989566622147,0.3110202832039941,0.8259434972532447,0.8614083576812894,0.7549969134785482,0.8504372550928478,0.11733575890248721,0.2693417867541552,0.5553827828045437,0.1691437282003059,0.7685911103060049,0.26202079063139533,0.33473720219080105,0.44196390002252645,0.6770218461948089,0.3630694094307104
0.12611949342872014,0.2609715014791846,0.7607795724530434,0.5456269416182529,0.7454076227610216,0.4500425437138362,0.7957092937855261,0.8649189244915336,0.8639757038200685,0.9065079458141319,0.7761272796274497,0.9058170525594891,0.7993510399074302,0.764950168029791,0.26869233592965236,0.1043921651543191,0.08697654415501893,0.05945108105506097,0.3139977559396635,0.40297625792521674,0.4541515106720871,0.26140974629996067,0.8358787466535411,0.8674690262126534,0.5912339589659894,0.9599633284524784,0.05997265634637655,0.299584395605774,0.4801802775317844,0.2290809476597061,0.7173871896217823,0.2759699565178843,0.5268871372654551,0.2880691670928578,0.6310905989826376,0.3566397011917606
0.163875746718815,0.2026057933248393,0.792500396400001,0.5255932973223201,0.7779327525098156,0.3662627575836022,0.7939282226276008,0.8661805245795985,0.8661757432830064,0.9057356625873018,0.7794680857937657,0.917256738002158,0.7997986392065746,0.7771933895437162,0.2851134250662543,0.12759996932168632,0.11303559811886987,0.08868448560978104,0.34647895245819593,0.4280735768356353,0.4542553147778401,0.3496864783869691,0.8311794430952296,0.8588810136926774,0.7050194785849943,0.8922977161189778,0.1318318117204254,0.3093086893504696,0.4188078572425492,0.2686126078350096,0.7821366541776875,0.26221042722127474,0.24149722665884327,0.47331992131291023,0.7030162418205442,0.3796331503252852
0.1274642547460076,0.28691128525408727,0.8205649325217518,0.4775703421392046,0.7359614196504622,0.4859501518664268,0.804659429895907,0.8637510730254091,0.8643740000236361,0.9010897067847132,0.7643784881107214,0.9150337718344936,0.8084237377630791,0.7792249701010161,0.2947650311489356,0.15244585587110587,0.17015878926731798,0.15092225262061448,0.3985374935786731,0.4693641423066589,0.4884959597215785,0.3707857405881294,0.864900857839221,0.885000007372379,0.7232821885633667,0.8751517230232447,0.18185933201865462,0.28975974278508937,0.4303905335964054,0.2646916286339648,0.7852002714530734,0.24733883821031516,0.4568752948376044,0.2921763920186196,0.6957101778807917,0.3689987073840894
0.1951301121942262,0.19481262445049113,0.7418689810584556,0.5037880991172041,0.7994885556921817,0.30807195356148553,0.8030698714213091,0.8646133944633017,0.8722309702866231,0.9022304647556699,0.7768632311898531,0.9187306528627153,0.8028637781638504,0.7863932257291943,0.28193744740235044,0.1391576062769017,0.14321757955868214,0.12451020223877557,0.3486772952087624,0.4169455652149017,0.42142968748928444,0.4237284569118407,0.8397625327509546,0.8667216694866087,0.77745734649501,0.8197284009814049,0.17600600668859004,0.2738147220724343,0.42169030372976357,0.3297828688699465,0.7547023422947396,0.28862449820741404,0.6361967514798718,0.23994283986998075,0.6651557623294748,0.3431989624697303
0.18398769356007583,0.24594202242998134,0.8621110868753905,0.4709702330126372,0.7124225504630775,0.5068168896873713,0.7985119813706748,0.8687870517942149,0.8761438479769199,0.914750726477195,0.796734923925563,0.9211794640195222,0.8055563102666321,0.7777491645136825,0.27358525092506036,0.12752744312563896,0.11567930089440692,0.09509563617813116,0.33747139611384924,0.41341174277417514,0.4532741592063605,0.35838398829132273,0.8338952058107482,0.8565011800717968,0.7347488209287358,0.8988501895396783,0.15716169370581157,0.28379372632391464,0.49632040794673954,0.24855874130013336,0.7519782531239371,0.28521704198717185,0.5548352902413013,0.2239793906268655,0.6441053015667478,0.33216402561954295
0.1430285260691745,0.23243630731636228,0.7718614850232883,0.5317559919866357,0.7612217282282392,0.4046655373659589,0.8114966884938499,0.8752783538305763,0.8909179696986289,0.9261853837667542,0.821464967796983,0.9357850091248956,0.8130097458444558,0.7989809448556048,0.24651810178688088,0.09326951866231487,0.07091947535631349,0.03991608247395961,0.29408560943968437,0.37525509106873567,0.4019625685683693,0.2857980863897052,0.8059750529036908,0.8414959962630087,0.6797959266094721,0.905911405635346,0.1019018831487673,0.26321366954687286,0.3859300965915585,0.27092946598091233,0.7347077899547241,0.28993092241568186,0.41669096280126816,0.4629679474465652,0.6055689635502315,0.33463047516898037
0.13990325124686165,0.21044993427923867,0.8127458796997334,0.5049933576574852,0.7533596923877293,0.4207344099010003,0.8154928283877705,0.8782549520820814,0.8861607872858708,0.9248033254941248,0.8049638120238254,0.9190310862135964,0.8323456711874327,0.7980427307301081,0.2541995573262047,0.08703799512579236,0.07025749379847579,0.03979446002718534,0.2977289131492107,0.37053233966019583,0.41121250314896796,0.334142475653838,0.8005072502254922,0.8326915916918376,0.7000927208630423,0.8982772584243903,0.09372103606164922,0.26151939499929705,0.43245178432273335,0.1851216683478285,0.700204234334193,0.2850994719182041,0.42542402384120703,0.34826645938518647,0.5711423226685546,0.32131023440786277
0.15195012138061798,0.2089774606571582,0.7828181826125973,0.5159961645296982,0.7645674539803282,0.3426281760945955,0.8118259078270151,0.8767498470464855,0.8675398705884942,0.9084639696561854,0.775685299817349,0.8967338025068229,0.8375133948155329,0.8081015619096534,0.2584668503316533,0.1016927045725301,0.08149748392622164,0.055901290114679925,0.29078755964558173,0.380227865177888,0.44856335615726467,0.23917080980412722,0.8026749264615389,0.8404695989084718,0.6718325597400552,0.8890019288056913,0.04119387375101552,0.2736089698670554,0.5715581088552226,0.07439836145115658,0.6834165081179775,0.2979181395565804,0.6694906134761275,0.18067457920477997,0.5450962601259765,0.31404992272432564
0.09615608060845032,0.23873992951594913,0.741767674087854,0.5714906850360791,0.7842813814524906,0.38320963096045346,0.8203313992698369,0.8861517570104982,0.8833370349242607,0.9286747687785019,0.8059685559794991,0.9136958257050173,0.8601697648286808,0.8228711882067461,0.24325473256931301,0.08476655700280822,0.04827511410541668,0.016605949468533943,0.2937307329617805,0.3778640147163622,0.4158607611377574,0.2973716881285261,0.7974145149874609,0.8410736037069781,0.7059851333360876,0.8940713615679274,0.11687096017393167,0.29036680234692536,0.4048215609590386,0.167968852897123,0.7588680916332851,0.3126358716967232,0.500376036710135,0.3055839507345605,0.6179235153539917,0.33002905323137044
0.1250344969258022,0.2670549899239604,0.8325961358125825,0.5072020535681285,0.8013439242826029,0.4201211202956104,0.831143892662805,0.8888012821544784,0.8963213468531308,0.9326743363869325,0.8258486675195392,0.9307728412335505,0.8341569996000195,0.8131295487968704,0.24450089670543673,0.09047705347381929,0.05164995278499268,0.022160600779587647,0.30259030162902045,0.37448973686661635,0.4544154680980674,0.2301619904193916,0.7870943352692054,0.8232824875922107,0.6413466022677085,0.9446498933957701,0.13323608040902984,0.2667677419432051,0.4477465127849152,0.16533061008549335,0.7396654282252877,0.30096612938280065,0.41761757621783685,0.2880459239107001,0.6007737368939678,0.3188051934805054
0.0967423307447281,0.2700597037665692,0.8505099040849939,0.508636706153213,0.765002932768612,0.48211183226891063,0.8355456387884679,0.8933446077214092,0.9044554824542572,0.9415425991532607,0.8446983832232021,0.9385564526442361,0.8234626197016216,0.8356854999208603,0.25638977517567063,0.1100000602371044,0.05972376839920873,0.03309451342979969,0.32626578299308584,0.3978781669615469,0.43774784050284754,0.28568714756097535,0.795149810097715,0.8252844200032463,0.7079740161823739,0.8999419009688323,0.12281953982487304,0.24306680195122096,0.5325678368599172,0.11659426635096992,0.7239641898792627,0.3121868724567057,0.34889714579840597,0.3795781802024007,0.5919882425269569,0.3180249572001277
0.14221924307237582,0.22617200116945516,0.8650226349361347,0.45145369122526435,0.7527921082557693,0.49002269670538845,0.8443543740565471,0.8918907201804487,0.894405288559011,0.9315582406574683,0.8089923494255642,0.9254634295321978,0.8423277677770629,0.8265598401777057,0.27031141741420817,0.11847894273908205,0.07987796801827446,0.054462998812058294,0.3372773611838676,0.4171504603223507,0.4133461728445774,0.4083457968695401,0.8086941980765826,0.8441143228882327,0.7420171415180697,0.8730444552475503,0.1059976448209069,0.2307736028041084,0.35124948189121485,0.3210144599342452,0.7036092982434636,0.3181891138793177,0.6353494591377242,0.2745841995260544,0.5672032529466664,0.316548764764584
0.16318354374739208,0.22886876607033407,0.7724469549040036,0.5707303037152599,0.7315844584695594,0.5325895983180285,0.8437596928668293,0.8951680108899605,0.8912007681069285,0.9291635878641589,0.7933907540964222,0.9119335375565023,0.8843724408954223,0.844237697114907,0.265573286514501,0.11231596375244463,0.06816952676657412,0.0408959313920797,0.3215352763958084,0.4225901368780182,0.42993566602130323,0.3244443427077415,0.8051974339701848,0.8437892074853497,0.6715367392455716,0.9205936711288176,0.07255578028800808,0.20699319311575604,0.6373640912309937,0.12532381531124018,0.6911458919102931,0.29707107243874076,0.5294326140774362,0.29775961548341195,0.5400318925524569,0.3025262463763149
0.1397546592173557,0.2242400101796325,0.7905152860793598,0.5215459184779097,0.7548023100113183,0.43334869207242094,0.8480045475398066,0.8911690003810449,0.8755123390612947,0.914771228719744,0.7607045961092321,0.8788299884879737,0.9000404227951158,0.8609451656255649,0.27789712758156143,0.1251882393825673,0.08693395050757863,0.06114409706817531,0.3431220616438313,0.4203236714796277,0.46788382527104444,0.2780869739025914,0.81209896336515,0.8501504923411256,0.659791201104,0.9251210978797677,0.013556817449862979,0.27915155905358785,0.4859884127344899,0.2322922888692533,0.6605460679839069,0.30737421251886177,0.547772078388785,0.1667431543808311,0.5035577549810939,0.30438936613470113
0.13570462104071618,0.209810769662769,0.74883208011182,0.470995181980571,0.6675949656788331,0.5868406515802441,0.8296591655379879,0.8851757109600171,0.8600581678863596,0.9018680980259712,0.7408000126657357,0.8593463639244152,0.9037152605615373,0.8622975870723666,0.29459183746076856,0.137030237326081,0.11130668006783889,0.08366057227325291,0.37201754816359445,0.4373197945207902,0.47403902661500513,0.3456537881261956,0.8200705014458212,0.8419230790788481,0.7176328732835668,0.8497773461586693,0.07170410556239598,0.28733356634518303,0.4855399809087847,0.3112189422620432,0.701878195238175,0.31206942929544434,0.5524430204012294,0.27983523996466175,0.5819927812432606,0.32706381461764134
0.12220314244059749,0.2958819714448394,0.7737565339479107,0.45280153414670626,0.7087795964370431,0.4655665731961238,0.8312070469125079,0.8738538557046767,0.8419347055863193,0.8739792496219339,0.7161815172107571,0.8254871468253846,0.8807035662264668,0.8519752270547458,0.2957857135503728,0.1535646490608238,0.17760820182053222,0.1542437748303777,0.38762857494215675,0.45166060453198714,0.5159658906965547,0.3251538198694628,0.8405268316045749,0.8579831068079735,0.7837628647970742,0.8108494203463851,0.11075413661584171,0.3213350180022613,0.3964690309821912,0.29931155858090747,0.6918940262153895,0.30468268576878255,0.578739200626461,0.3327020971436244,0.5787516129365482,0.3170136646582198
0.15771681991788672,0.24922586689649187,0.7671167946533283,0.42432411069030607,0.7711558644438201,0.31115007629394703,0.809507269391761,0.8666110129899379,0.834472917467201,0.8706816003246987,0.718751309028523,0.8132178545099537,0.8803562360759996,0.8417799076579167,0.29059276024982494,0.14611160666455275,0.16970761419893565,0.14297764892495213,0.3592552268921797,0.430249553872734,0.5292784461184085,0.23269705673021357,0.8250841393853812,0.8443244060732609,0.687473264687423,0.8753617585288609,0.1329148782369009,0.2754672775627097,0.25785138916236905,0.4984537722881215,0.6735318126085135,0.3005193310741877,0.4063723798307264,0.42283471534390754,0.560112736924634,0.3133956987294705
0.21678110957296293,0.13483355231215916,0.8503896246603058,0.36507196149422866,0.711675334276064,0.43128624780229285,0.8170579461597935,0.8706602319450129,0.8385083887829081,0.8758403217940127,0.7200520966831807,0.8404665946639858,0.8630634647230424,0.8308591208993183,0.2942922992303354,0.15966788756250727,0.17020614294356384,0.1463849999805133,0.3613926530819692,0.43842183888567854,0.4701597613085635,0.3548545401065979,0.8268563651027949,0.84711961109087,0.7407053803347036,0.7930213693629065,0.10165306562178283,0.2758941738234207,0.34909126948347424,0.4183177310966478,0.6526079677419716,0.3248568310030152,0.5777972101755224,0.29377739807840586,0.5459865513853186,0.3124109667163584
0.10564476118774291,0.3075920912591985,0.7130036990584977,0.523419551557049,0.7367033975102475,0.3724158996991868,0.8127124661223165,0.8707945275136648,0.8429736296390646,0.87862128059457,0.7204719807938124,0.8465759244242747,0.8453714582351137,0.8228118794848227,0.2968607398650083,0.1594754850090676,0.17245425476253173,0.14679798379807413,0.35635563065031783,0.44344477126986726,0.4721505445656041,0.33387053410658907,0.8322480227806341,0.8502868285409098,0.6813414901926662,0.8878724151723159,0.08013175766809011,0.26872094597641816,0.576235093051802,0.15110497784682322,0.6474884696975761,0.30948441481257016,0.3765335606692074,0.3632894696560261,0.5184714849644396,0.32490973990895033
0.12794320850505592,0.24282206881115345,0.7059255482916622,0.48725365005628196,0.7092285950506362,0.3924644818348402,0.8099453325081996,0.8672159703461572,0.8347552088362646,0.8747453490601108,0.7192787400550545,0.8310401441443277,0.8611746754874148,0.8208953722945709,0.2928393791963606,0.15435729009310678,0.1645196527747002,0.13963830277435052,0.34209263531717454,0.4215471401485979,0.47651071400749057,0.28656925156780144,0.8196923761154327,0.8428872836349754,0.6835323917419158,0.868439893794713,0.026177235551780864,0.31752952221166686,0.5277199253589427,0.20125622849227448,0.61814432704669,0.32004403084070887,0.41748875458072804,0.5040388607807238,0.49173036708093004,0.3353027911293315
0.13422608110643153,0.22326396533546342,0.7903169028974335,0.4506059483020466,0.707773035318446,0.3591033665474196,0.8071730541765958,0.8674802251803708,0.8364217981476892,0.8770708193964699,0.7272507933441948,0.8440167946417985,0.8451272698064238,0.8182122574983237,0.28876310217455425,0.1569113756993677,0.14819598969477388,0.12188898451551838,0.31674982646261457,0.43337857425415793,0.4472880228318533,0.38692267347123854,0.8158440674981223,0.8508877783726636,0.7286811429561784,0.8480364101531688,0.02800739884126746,0.296786123822259,0.40242405948082727,0.38062158492043563,0.6494850382952553,0.34392940037569564,0.48758169809289337,0.4143985057397885,0.544594065438992,0.36582397203843514
0.1955514817684013,0.15383460886597328,0.8004464262868458,0.4492262334279715,0.7219723362879997,0.41087965141549937,0.8209722618469191,0.8789094339914397,0.8513776979938171,0.8952907342980228,0.7489527214030425,0.8704648518927826,0.8542375602537808,0.812017293830207,0.2877952095216337,0.1512600685514074,0.13357332770654984,0.10912032392313903,0.3365764724578635,0.41781961061599787,0.45807626042555394,0.3435915918978435,0.8178966104682319,0.8465032841769661,0.6978216488260408,0.8870271211583032,0.11069612221354996,0.2906496148402704,0.5420184960524099,0.189708701551282,0.7004174184320615,0.3269917342856558,0.6114068035118598,0.26110208090352494,0.596536632572069,0.3683498910212034
0.1877370134305464,0.19648898434020856,0.8406118098873246,0.4067326442130902,0.7585137767140058,0.30891723316665864,0.8227192522549569,0.8742965170828506,0.8530684448237738,0.8895456005594145,0.7355968925906521,0.8674472012194586,0.8371972755802461,0.8128062445807747,0.2955577900854278,0.1599917214942556,0.1521544732976407,0.1280577784328853,0.350470669445787,0.4242269335662782,0.46922397755801126,0.3275882310818704,0.8343697641503481,0.8568052980427173,0.7452984114087345,0.8537003119077134,0.11486567467231285,0.29479710553654015,0.5205648097694355,0.2711135732560219,0.6821353397666404,0.31419061388261055,0.5797632946966563,0.2967864496154479,0.5750523503034151,0.362904544052077
0.1608883657846209,0.25055186323447104,0.798948877390711,0.4506927627346472,0.7052522786263098,0.44688444743040256,0.8071587399810901,0.8662113375790483,0.8480610378233913,0.8858472623927909,0.7326895768293445,0.8635402055911392,0.8325004187423041,0.8038909620984838,0.29311541200240065,0.15681177764699922,0.15324046388221108,0.1283671258512495,0.36536170743048063,0.41974486177108905,0.49481521653675825,0.2883820871733326,0.8406819216375584,0.8584266469920347,0.7612631084398422,0.8316418217449371,0.11616568481340744,0.29236956380077306,0.5063331156346208,0.26488381162947344,0.6628123217524065,0.33610211660517886,0.4200235408890651,0.440707443443322,0.5691539708209562,0.3573530347634144
0.10773400988010728,0.3001198625728963,0.7579116515690413,0.4692649596541113,0.6969745785672279,0.47985750164591445,0.8061413136516951,0.8695039669463004,0.8491713421679575,0.8891634733380782,0.7339885018772543,0.8688964662521385,0.8241140717515885,0.8094972994553276,0.2902302322469331,0.14958624795725317,0.1488204044490078,0.1202949682589568,0.3454805322678372,0.41239637428346515,0.4390402821891709,0.40929527297798285,0.8273638996780315,0.855176969237279,0.7211470225977715,0.8664925878428454,0.10269144321100371,0.2867584935912691,0.4464175708167876,0.2827815495597003,0.6515837701483007,0.32386906808719473,0.35338634537503555,0.4127070428559307,0.5460176945733677,0.3510700155478089
0.11660980563632267,0.28403415909997576,0.759819543994102,0.4578547529871644,0.680138577173325,0.5274911680686972,0.8029734333984135,0.8679214630031722,0.8485238311163634,0.8883924493849322,0.734148909861563,0.8645193510442204,0.8319236228448219,0.8098749546696457,0.2917391071783621,0.1509830567989966,0.14655735304798967,0.11865568304296675,0.3325392308898154,0.43261360455659653,0.45916019366481375,0.3255857724617472,0.8258321003712841,0.8572258820241048,0.7574765404897111,0.8125326010890037,0.07530616119916034,0.26356784315733617,0.6171818710084225,0.09992654480235691,0.6254051994369796,0.3252631656717243,0.5350599969280845,0.3482400006121827,0.5203145939013731,0.34757429300994824
0.17399140753167774,0.19080819229959461,0.8442556634938133,0.38520607623986247,0.718018090576001,0.3711701399187127,0.8064667034405675,0.8647210743968669,0.8423627496301844,0.8849840308064855,0.7301187270989654,0.8536142238052633,0.833486049301339,0.8174981945660191,0.2889806300683558,0.15207322852124688,0.14179150207174257,0.11680326770843752,0.3232881445272692,0.4231309426220493,0.4554540104755791,0.3555633058671296,0.8203427109562216,0.8526188609738223,0.7166856016480373,0.8502068280791029,0.047882284270480746,0.252923814091795,0.3819052762916781,0.33691235752260795,0.5977156791827656,0.3320263823672255,0.46485962004226267,0.38011719442673747,0.489580051577786,0.34763205946856135
0.14844071127201308,0.23526774236404285,0.7791054367332868,0.4410810884074231,0.6979876212392149,0.4480556240339636,0.8011706561523875,0.8678442506428805,0.8424387031982343,0.8852778994770933,0.7377466227569225,0.8602432784075166,0.8239814841271758,0.8129335820669363,0.2838333516996512,0.14180489988379263,0.13441781771800576,0.10577917954373756,0.31672320144736976,0.41091590331154393,0.4779904760346426,0.28157162880529724,0.8158985378621854,0.847417540259999,0.7876353918036989,0.8018826751734556,0.11125775745125849,0.2623440292443756,0.2991640586991915,0.29617467370363765,0.6717185657985193,0.33754536574575,0.5897814845348431,0.2535320275281564,0.5768917963882413,0.37084763868918685
0.1794835367319523,0.20764524125391126,0.8060632832728272,0.4447503402519025,0.6720236071314615,0.5387946434902421,0.8107589656315417,0.8754855209301808,0.8519003887505774,0.8947544897814692,0.7463935125855066,0.8783607082491125,0.8228605842814388,0.801585947460165,0.2825969446435229,0.14059595097815397,0.13028815143929084,0.10209271156412242,0.3221793136365602,0.4017801607152621,0.5003950894542586,0.2298826614658158,0.8190160352784799,0.8450595147754787,0.733063228154666,0.8742237238322059,0.128599527108537,0.31209332473709417,0.35279904815458735,0.3398526050347574,0.684003078322854,0.32339751099265335,0.5733583500436009,0.38292783045385803,0.5893445363062801,0.35973606811524966
0.21180957566311692,0.2223731007928065,0.798994122833421,0.4667145132934558,0.6802130292109076,0.5440050197480836,0.8064758900689921,0.8707210330030433,0.8535444450282821,0.8918193248303639,0.7398034633563484,0.8755081882251463,0.8264302925984385,0.8016304469155885,0.2885205477049085,0.14581469419878756,0.13605777405957326,0.11003333454076858,0.33078511107626607,0.4233236726731089,0.4617288247884225,0.35403418276476195,0.8277237531791843,0.8542263490381794,0.6758585327668536,0.933553944107216,0.12838475706904756,0.2937390599496512,0.5288833073908138,0.175301572989475,0.6652755454893471,0.3118506322057058,0.5380268332885064,0.32550429137276965,0.571869068823872,0.3431243820891944
0.13735579406881349,0.2817830040067505,0.7821675659578138,0.47828747968190305,0.6995901495156573,0.4588524913238398,0.8165093245622941,0.872048135250953,0.8514086886106071,0.8901525645589552,0.7340670487890684,0.8644599657729782,0.8310856604872628,0.8210449618784654,0.29504843969272354,0.1586420516814105,0.1433666600861701,0.11942167612354032,0.35254385630217777,0.4372604898542756,0.4930136038845778,0.3349367484415594,0.8360595150150902,0.8505488310996772,0.7265793473845444,0.8896802884260049,0.12782714704691855,0.273782304343564,0.5403393312891903,0.13447968667628268,0.6551655390604708,0.3097019690119607,0.43273558337126117,0.35804307209043695,0.554349647702844,0.3426475609249714
0.15482378804333696,0.2602968363927759,0.74485766188397,0.5186561788318913,0.710631289002193,0.5143853292223344,0.8167491361174108,0.8751983076637002,0.8562070409709293,0.8949209723578649,0.739739456373255,0.8811966831358331,0.844042841193293,0.8061609033148678,0.29647864443550287,0.16007984235162193,0.14588715444945594,0.11898522180103516,0.36427858951872316,0.4356630444700782,0.5153597396235609,0.27878144735588783,0.82985286136278,0.854061650355137,0.6939872664163806,0.8867671150380041,0.0952348678112439,0.28184835402389186,0.412618227756271,0.3021520534205271,0.6345883369775772,0.3136914823580307,0.6394229395086066,0.25371046329838237,0.5316608167838494,0.3381876699046078
0.14756320652398247,0.2445113567043939,0.782418940780619,0.4661147168348022,0.7354028026008008,0.4312054886810126,0.8259659963935286,0.8774957918494997,0.8580458105862085,0.8956615593790238,0.7415110271843535,0.8890965149975947,0.8434004584271492,0.8147044753309509,0.29962569398858274,0.1685495207653221,0.15121167806280028,0.12490245982498621,0.3617358758617862,0.44844518604421035,0.4880201886335296,0.3592530685882527,0.820502386922598,0.8561994993381112,0.7375577558511603,0.8591810080240144,0.0867618118631906,0.23255348122055863,0.21506837929145334,0.5002492090655962,0.6071746152607644,0.3244711644048588,0.5516739548068402,0.2846140776048622,0.501884905222399,0.3394596461235472
0.15151363241033222,0.24336469790662454,0.7933300343194066,0.48290282430811093,0.7164872830874541,0.4954069106133522,0.8271027394909506,0.8827766109511413,0.8604636079466287,0.9023424561104608,0.7423702708210197,0.892373783933716,0.8492038997242274,0.8138437377625642,0.3042376877271718,0.17555530952508488,0.16231409773013228,0.1384460956943982,0.39020378351672813,0.46501067836213283,0.50443319696136,0.3331815538900602,0.8380474986051936,0.863726616545182,0.7396756669876328,0.8240909576577671,0.03460165481537619,0.2511340885836423,0.3897127184419762,0.3477667437825478,0.5902084005358178,0.31072779718422106,0.5254135656915584,0.2675075570039688,0.4905397246076693,0.3477494339322197
0.1571744055150679,0.20601848971478517,0.7338780726900174,0.49522747007452134,0.7482096149125341,0.44115965914311417,0.8454038981301022,0.8910640270474632,0.8654274149186372,0.905801884014924,0.7534594597762063,0.8970624113148639,0.8600115434743156,0.8337897655829904,0.3116887122143197,0.19348155881951148,0.16910389791913183,0.14512151209544166,0.4034728204659571,0.4827708129432864,0.5296492729813733,0.30134933750788206,0.8477551446946522,0.8667762085616468,0.7177428417978335,0.8629033079646331,0.10986658161908641,0.24237797622798055,0.4540763068392162,0.20357270310390047,0.6600427901095333,0.3274680519543637,0.4654536720892528,0.3856530386031465,0.569769495033164,0.3592451997857901
0.1377675427229133,0.24203436128149672,0.737421562421541,0.477134503941711,0.7159145878981901,0.5791960602946683,0.8569110328568974,0.8941480759392032,0.8725054888901991,0.9085106087473127,0.7659765146155357,0.9072569693439433,0.8664650995758175,0.841582841505568,0.30709743825936214,0.1823324581809184,0.15734949200840298,0.1337147309990585,0.37864066722471545,0.465662962706088,0.49501688987837034,0.3043162076179613,0.8353595036414014,0.8637519272877279,0.688031306079222,0.9012078134746302,0.08340319034588012,0.29016551713028027,0.3590416643752953,0.26121523010805714,0.6530317809503072,0.30688225100711125,0.37350811239812814,0.39825363397313657,0.5490394107401817,0.34004884230879906
0.24848311973498907,0.12103255581167438,0.8544203359872243,0.44300537483713276,0.7812776107643084,0.4424606498323688,0.860073162316948,0.8995670453256603,0.8889987807286804,0.9273188220661209,0.7966053055574422,0.9219801143638726,0.867783039482408,0.8565393923154037,0.3056971729289446,0.18401014317941514,0.13977658913519847,0.12072613947012928,0.3868693412868446,0.4865498388626773,0.4705627175574363,0.39366167908549426,0.838121862354278,0.8672795150987067,0.6504384331236412,0.9321956886596138,0.09885747451177762,0.21808500343532156,0.4550884086592635,0.28806414114279766,0.6443609637118339,0.31117815727474574,0.360721447291471,0.4640708291326583,0.5467322397993897,0.34151547931668236
0.09172897114020712,0.3038751821777232,0.7700064526463255,0.5340990860843702,0.759857628182291,0.5245316431046025,0.8717808179165867,0.9044521074370594,0.8916077737923557,0.922863650035153,0.7823701011115409,0.9182229452757911,0.8750536853603722,0.8685086234346757,0.31336218425725737,0.20198826615072699,0.15896814245769103,0.1400629928491191,0.42426694401560516,0.5008371389073878,0.5239570399533328,0.3840979076944131,0.8536641376706098,0.8783351725808859,0.6794834899162954,0.9193142291938614,0.05229455313612208,0.25686121062639733,0.6726219769185494,0.09622848643353099,0.6362212938698399,0.29217431177660563,0.7000916573325582,0.1772373030156265,0.5295078685932171,0.33433579305964833
0.1573738940440278,0.18113250357614763,0.855909473076163,0.4292608655214954,0.7650444357128047,0.49614967897338347,0.8716356885362813,0.9037299636930036,0.8890075054834947,0.9249223443698673,0.7821297139875346,0.9141503920268361,0.8741398943133628,0.8739773698766635,0.31344217872654057,0.19592818675850873,0.15833116439884454,0.13756337501685084,0.41444470092751773,0.503532156412234,0.5008365648667167,0.4251013331983754,0.8475411612493899,0.87596377942485,0.70914294307285,0.8789898950704192,0.047991048122391855,0.22871810094326966,0.23065152747374634,0.4196486938195742,0.607546408882207,0.30310496736695924,0.6143899015510572,0.260257045239746,0.5064205890893305,0.33422846276886553
0.05853335368363993,0.31929611464160546,0.7372356227096848,0.5391840276333291,0.765705489628963,0.44236026462593503,0.8646235569002898,0.8997173850703523,0.8823432787500274,0.9181338669143984,0.7713520930604335,0.9033010338019102,0.8637239665707559,0.8696841672407596,0.31045227911190015,0.1847236515458536,0.16182868051539268,0.13907587885687234,0.3845259183694586,0.5074705918674206,0.49781854178276846,0.37742342008728375,0.8431440354394094,0.8726050699947614,0.6631264181843992,0.9072895325024004,0.002809611498371667,0.2780995835745495,0.4159299812700077,0.2558875131507457,0.5827466610787526,0.29312239244190585,0.5961102608260256,0.25610683171969617,0.4774510509776235,0.3440028990607306
0.05391773966229496,0.2976992048957331,0.7516499874462104,0.4934709007316618,0.745107190338123,0.5454967202321851,0.8640977165781105,0.897499910547482,0.8762555140520998,0.9174265228888283,0.7705802133812889,0.9050894142132051,0.8761850681366725,0.853021386784373,0.3141660986772876,0.19347165942802458,0.17427415261992346,0.15207665843430884,0.42677022498993344,0.49891946453219277,0.541365390419039,0.3507831774485469,0.847980378701743,0.867442826599303,0.7798710609843665,0.8374652717476075,0.07542743863939505,0.28302801680550416,0.58531612538944,0.1673401853906844,0.6561249089528665,0.28816022524802903,0.49303173184237353,0.38853709923627067,0.5645236173235433,0.37492903470931915
0.22376442412281194,0.1124117593443621,0.8487443849555825,0.4378167969511339,0.786757330210816,0.419493452741559,0.8600878143924764,0.8938016085700959,0.8755500675045977,0.9106352468596959,0.7625138895162753,0.9025529947050049,0.8677217322221613,0.8480706940692385,0.3076999225022247,0.19008227240432546,0.19356647325088094,0.1717750455242943,0.43083523617591946,0.5070077367287642,0.49631664445925,0.4878548239217797,0.867018049541918,0.8830194639679645,0.7300551797933187,0.8819815884234172,0.12734154697393696,0.2484149019573973,0.6183987382341907,0.10280326178031143,0.6530080393642752,0.28493193497595226,0.4475221730727881,0.3737494493162849,0.5569475593981299,0.36240444087266765
0.07833106665183809,0.3109833652803491,0.710255595983647,0.5346578900106292,0.7883463546099239,0.4228194338695387,0.8476020399128776,0.8884339134495453,0.8711002847682718,0.9085644021255743,0.7664651140710597,0.9035341040514655,0.8596689811607234,0.8425661910335165,0.3010687013443783,0.17462646085330885,0.1770566140330082,0.15314814657164122,0.39838595601408455,0.47286246722749636,0.5170055201974513,0.3102715261703094,0.8481212036610579,0.8622045649646592,0.7719689577529989,0.8462936401635116,0.11968572788031989,0.27402301171939747,0.5204791316036228,0.181328649079157,0.633911636294701,0.28193764561330265,0.4011137956468909,0.3376957084049279,0.5496873128598195,0.3605937337705718
0.19696328842064179,0.2171246253901094,0.745493932122731,0.529527196224334,0.8091670779405788,0.35455868035997234,0.85032178133683,0.8877759510792329,0.8720370882324335,0.9021458715679076,0.7592746292817056,0.9006141039781467,0.8525213878778001,0.8348109566829951,0.30042614384610306,0.17875483560160205,0.1795604617439137,0.15890132851741812,0.3946920955907691,0.4739755273477443,0.4796537660112621,0.4233280364516117,0.8481426167988009,0.863557758747761,0.7470333052056463,0.8357092350882063,0.11953715002569615,0.2703580403135586,0.338986432089114,0.3281760533984033,0.6215616838538477,0.29671584108140237,0.5619172746819853,0.3775044221156264,0.5337997892240288,0.35610054785329837
0.17482521689950664,0.23288913181221987,0.7639556735453099,0.4882767122812852,0.7682676519249227,0.37668244821496477,0.8332726743498275,0.879914531546562,0.8662282506543852,0.8993984814931124,0.7583665516144844,0.899073046059556,0.8319930182482081,0.8328418498036398,0.2956535034637146,0.1679030108936418,0.17033037400359596,0.14828496218706827,0.3845735293321181,0.45411624787349225,0.5010555114917782,0.35778394495341126,0.8419805046511937,0.858545471935811,0.6832712128367663,0.9004140356121151,0.09289012684652853,0.28374840051745254,0.272568173454841,0.48662515454303523,0.6065788678162665,0.2947395920232978,0.5743397851228377,0.26118895663603814,0.5045761752612793,0.36895983409229555
0.18824622310832054,0.1685186378381185,0.7621998595356265,0.47823346647118825,0.8002581580317372,0.3089121901432797,0.8283923714497776,0.8746814983747884,0.8600663644530766,0.8943245751979106,0.7423015004476501,0.8909117020611899,0.8265396376455103,0.8272077795636753,0.2969308395558625,0.16723274528484994,0.17773211649002313,0.1553275461767002,0.37894182522212705,0.4614037731098866,0.48673317055554427,0.3622264753353604,0.8463495290572636,0.8648000039002959,0.725551080923271,0.8770076273906781,0.05425214823857527,0.2977919010458118,0.5253208610764014,0.20642095306112762,0.5854765420455947,0.2855826460756451,0.48056103041044573,0.39049787457688023,0.47802817413340687,0.36838036820284836
0.11757377293303889,0.26015465786890946,0.7105850948706348,0.5281873529148917,0.744668989083125,0.41725397978167933,0.812284789389178,0.8690263169807382,0.8505358766135428,0.8899319702707325,0.7373279523860161,0.8834564759273493,0.8175578484451353,0.8128450376924568,0.2942790713127252,0.1618285880027157,0.17608248768196244,0.15289617536540917,0.3683295545974766,0.4607678443150985,0.4910709849881127,0.36998814194626145,0.8403459678862522,0.861806730553335,0.7270628205241977,0.8774308229584888,0.11751703920727219,0.26418886999966346,0.40129061911114466,0.37727266032874945,0.6272269809106943,0.2976519633524044,0.33624683958317303,0.42886586435186713,0.5479099447585021,0.40650639912461106
0.1899283925968493,0.24413695137549368,0.7796039554427863,0.475901490068321,0.683408602237372,0.5667512111525669,0.8307277710650083,0.8787014261592136,0.8583423985140821,0.8968560385662794,0.7480118053768394,0.8958108848621383,0.8306637962772132,0.8146192292662493,0.2958883245615184,0.17150226907576394,0.1765506744277774,0.15657675583612846,0.3838983959989987,0.45745337373564965,0.5228847746152547,0.34345616146872165,0.8530968551414393,0.8668646437378851,0.7433467030153408,0.8873244697261774,0.20406895865036226,0.2306502632749936,0.47411172569701165,0.24001315310995694,0.663431332155856,0.2937741015855806,0.43711811552991553,0.2932297463396639,0.5783567583549782,0.39892366621864145
0.1925968736868351,0.20328411102838445,0.7611614052221226,0.4728995214007131,0.7475895627104304,0.4339191968039986,0.8275081137392997,0.8774926012014029,0.8635082742576574,0.8980803512158534,0.7534828443091968,0.8984801071475066,0.8271418204215346,0.8123560333232126,0.2948144621843506,0.15869161473890575,0.17004362856463318,0.1460408293857614,0.3819732878462836,0.436019395404688,0.5521617132778808,0.23109164243666952,0.8567237917432649,0.8565648290452355,0.7605484608576154,0.8586874647346446,0.17824667444424264,0.31542572709752403,0.4062150429100368,0.2951713307258762,0.6509366243702774,0.2834751473499839,0.513592396710457,0.3609254699043232,0.5639578328964928,0.3828746742199436
0.13839159210166568,0.3028418154375344,0.8025673285335397,0.48276139278854047,0.7397678944333703,0.4561119917043311,0.8303013869663582,0.8775135107474815,0.8606146565460575,0.8944772705075091,0.7475944907341794,0.8926691842020147,0.8295447829193318,0.8163160719103357,0.29877251069900684,0.17103482394041689,0.17528316740777583,0.15529249812128865,0.38800103917654405,0.4509205423478293,0.4819521925998751,0.4079756026450078,0.8618288137790022,0.8741473941715646,0.7423704155158403,0.8619995193200686,0.18047189769550515,0.29115293443210705,0.35893589971292317,0.2226417828915181,0.6539387356515975,0.2830942329570973,0.495498370728317,0.32406005166439605,0.5528574627027506,0.38721312182640866
0.17748108236240703,0.25049732953943166,0.7541307804196603,0.47403439369660066,0.786951216075923,0.3692304282604216,0.835261640255819,0.8778666379143583,0.8686237189314507,0.9006484274362299,0.7602668312948985,0.90376754721271,0.8317576745527873,0.8138675933678828,0.29538343985428245,0.162411550650718,0.16703109202479094,0.14297018272892598,0.3727720689022519,0.43289474037347014,0.47833893532343363,0.3348414765850788,0.8476862814474112,0.8535721347172659,0.7796858603916326,0.8350806449644441,0.18893199475026556,0.2579790117270474,0.4342163345091517,0.21334487379116487,0.635189289703859,0.2900326276537263,0.6218510126161175,0.354780345775204,0.5290895671997677,0.39255866541804607
0.2824565447687108,0.07761534302336565,0.8374428533242625,0.40740961635556733,0.745904942147465,0.4133936858348382,0.8276683188529249,0.8696307320133176,0.863047661110842,0.8937547637076457,0.7443016867107153,0.8984451523951349,0.8294150394480453,0.8056806868704484,0.30071343249026283,0.16934037302072308,0.18086662420656086,0.15603180609290546,0.3762813921259358,0.4533022922985794,0.4644121646251419,0.3904638901892004,0.8526905323895109,0.8614478641900796,0.7415650669678139,0.8640912703765538,0.14279553752907365,0.2868192512788109,0.40088748428990856,0.29551198062656203,0.6129309249412825,0.28425563392161235,0.2727151316198765,0.4784116545570195,0.5041712550075292,0.3935759224215344
0.15758125050601574,0.3030680643346984,0.754559383055172,0.5013624300979642,0.6652240682489858,0.5456595136927317,0.8257812859568473,0.8672011448182715,0.8482029649916412,0.8867715675450046,0.7383965198747611,0.8897270295841209,0.8204026756710044,0.8041173472332989,0.2964704011447008,0.1662779638033579,0.17159563296095248,0.14518943860588784,0.35207496220668144,0.43020286530668983,0.48321491959248497,0.32743867733136345,0.8322422886972374,0.8499079685149469,0.704967893549024,0.8839285609233968,0.10822364485918923,0.3071642859143501,0.3517004857335585,0.3803858110015158,0.5847825983036562,0.30053512993683185,0.5197924866272371,0.27054903264807895,0.49183390475992567,0.4141753020790893
0.2126470930784612,0.17760255664138364,0.8107429545120624,0.4441630111967495,0.717143540670587,0.5580754137572763,0.8312496704371581,0.8772483001462748,0.8601035126923491,0.8950489891527433,0.7434813686337256,0.8923090321163865,0.8339777625231314,0.8132178590612267,0.3044069419762016,0.17376190857525037,0.18244334515419264,0.15816134121917413,0.387922519186201,0.45915975008933285,0.4791069371366862,0.3973476011860655,0.8539358671802881,0.8637412651029817,0.7297629781597614,0.8620741247216317,0.19517265854032456,0.3149386286924204,0.39373238021355456,0.23181352730318394,0.6624845704315929,0.30720982188245644,0.2904813509267401,0.3767855470445358,0.5692259452390793,0.42558587695873357
0.21797110875165163,0.20313008262657375,0.7828821590450561,0.48297902554593547,0.7475763955329001,0.49385039506791223,0.8342235801208748,0.8781693206669388,0.865953210727362,0.8993793093217972,0.7624537494032171,0.9086875832098541,0.8383825000477381,0.8064454305856255,0.3004721681576052,0.17014071272011513,0.1731094170843674,0.1491932481552929,0.3777775163133638,0.44556924276196685,0.48114255362994895,0.3192280360394958,0.8490789322211667,0.8538869569343681,0.7622785591965426,0.9011840318077509,0.21772407867756183,0.30604119486975134,0.3006874709020364,0.3912086002706012,0.6607495564497505,0.3139753825813949,0.548188337670051,0.2647826698143222,0.5596268985398638,0.4166087988686525
0.23215572423264114,0.18449823338963234,0.7782061447853661,0.4974581841296717,0.8135691292173877,0.3556665658264313,0.8441857962010696,0.8823829761085609,0.8815211890722632,0.9093397720691014,0.7832968951375279,0.9233758077696895,0.835702189198765,0.8187913145161638,0.288615075311547,0.15948793864969207,0.1460869645941642,0.12698092916179343,0.36736930813499574,0.42126499133124184,0.5058512284729737,0.2622815417218153,0.8408655351117498,0.8524894811288395,0.7476219183987671,0.8993637514803359,0.19853785812024388,0.2874749895706443,0.536994073260594,0.23200299766163862,0.6702153087735592,0.3033531942942282,0.5221119736541121,0.3603504119604395,0.5544697928551691,0.4095316434327837
0.21110711682734534,0.22859171777912246,0.7736289510639606,0.4987735116422891,0.7693951416587819,0.4635678914336062,0.854072763959417,0.8887472782570605,0.8874838600085633,0.9167245362436764,0.7955917139419743,0.932226666561329,0.8339768155574492,0.8314167803124013,0.2823448647648698,0.14274628006358386,0.1284159971478156,0.1055887004966794,0.34739679320706185,0.415157131934593,0.4761879752764202,0.27941693885994007,0.8246490955058033,0.8427138435692374,0.7583189263642474,0.8767641933804453,0.18012062982608237,0.2680002077924611,0.5821165584618558,0.20626903376083544,0.6559525226519093,0.31205914757151854,0.41299778506831974,0.3953785637095714,0.5332896758745315,0.41161208399512433
0.2739112602768806,0.09499476210779945,0.8424629110069034,0.456673487767988,0.7835215510336235,0.40189554073431827,0.8572009286996984,0.890207368064445,0.8885484501945715,0.9172651683861881,0.7907162058926205,0.929093973694074,0.8436920935499604,0.8270775840233724,0.29021055014455477,0.1611330858469004,0.13563581160829852,0.11892525891102795,0.3700191969762973,0.43751855541407686,0.46917978226162693,0.30651332943114407,0.8351446719302824,0.850767949084336,0.7766554285707529,0.8597411996157394,0.14514306610338895,0.274082393476126,0.5995951332672652,0.12638489348682092,0.6346145555724203,0.3095566951944613,0.5193592028855079,0.303506996275722,0.5063269193189454,0.4120675351614542
0.20273991217687348,0.18203710921076904,0.8306663868221121,0.4371500145316371,0.781868896985284,0.4361636545819524,0.861026043943921,0.8924152405066017,0.8858755138290066,0.917394090489898,0.7823220060181466,0.9275236237219255,0.8454835966888293,0.8314601373040855,0.29869846125551935,0.16694085054721547,0.14992375817131903,0.1308021848681527,0.3887851625137284,0.4674500096375629,0.48305059942549816,0.38396094041023426,0.8495345365477902,0.8673520036101992,0.7443186785612347,0.8758978006766147,0.12610788774281345,0.22236247015458527,0.5271864690874862,0.23668544552154525,0.6120078143349215,0.30965479965854376,0.5217282191062758,0.36817210849415066,0.4732810542569348,0.41998183485373575
0.15738374429059526,0.21257187270735284,0.7824055167838332,0.4814425447307317,0.7856001760923214,0.37916671679175995,0.866993895075445,0.8934448250655941,0.8800253833604302,0.9116778499969973,0.7816393349485555,0.9291501447630144,0.8466908086649494,0.8474499203597831,0.29555064419770094,0.1716924168673248,0.15150617765792546,0.13682073861124616,0.3921759936476419,0.46249201965267234,0.5034041194577258,0.3244334749619998,0.8453104471430974,0.8606858365653614,0.7689989380306858,0.8613304911588551,0.14861212175112704,0.2308443173902484,0.37543516877668404,0.339377388307612,0.6611585289244414,0.32232082392713246,0.4834180514325175,0.36874472418918675,0.5334275401178558,0.44513110412106527
0.20915697473658337,0.19494017185307175,0.8104975716067448,0.4866930499541493,0.7576811732453899,0.45753069108848743,0.8818867020187432,0.9024049908787061,0.8857431789222094,0.9135246318974397,0.7874297329407932,0.9331500408246223,0.8441800008350806,0.8442239991341399,0.28683582382206,0.15358412105681363,0.13494592192969102,0.1164849196797928,0.35585285609952216,0.4372123297891484,0.4619458973255451,0.3640024331989543,0.829404697060003,0.8483758134730857,0.7602796937817642,0.8767325925289546,0.17772502183360872,0.27649948820613957,0.4447441484753273,0.15858677946445898,0.6750854206468746,0.3117682606988841,0.5125866686048003,0.3084131742020338,0.53647288853846,0.4322909773256969
0.2957988214146057,0.09168750025579386,0.7896264073796347,0.4837283867815046,0.7927214011783059,0.4190984407332176,0.8695046793597963,0.90142851530705,0.8908144675645426,0.91929766118131,0.7977313363907415,0.9377520550599702,0.8485673035686628,0.8368643268908014,0.28975123347244297,0.15723099945176022,0.13373883736901454,0.11534437905308897,0.37972442344985957,0.4420296769881967,0.5175021860761306,0.264340801424475,0.8448665358721907,0.8581999608173143,0.7921771331987851,0.8597062333392874,0.14071001552607365,0.28339481241662656,0.35561590498321216,0.3012137641798804,0.659286912461404,0.3136609408830914,0.35482135208174526,0.3592221304677449,0.5271873840498236,0.4216501861147951
0.1751584503418648,0.25874722992569893,0.8015542016348753,0.5031063692454347,0.77371240436811,0.47193866319897515,0.8851864407585022,0.9054147743988621,0.8920672026373091,0.9173654650076495,0.782251242359577,0.932314585440527,0.8590790841752532,0.848266953178813,0.30283363703397514,0.1865645270490096,0.148617039225015,0.1356557484012108,0.40861055617836406,0.4663395226204673,0.49442561013540764,0.35537008924588653,0.8554291196591697,0.8616625722175429,0.7009528573757641,0.9293335690988569,0.13180800523344138,0.2660761147489575,0.5322465422722589,0.11720390684562185,0.6542299516459906,0.30760257135217295,0.5084886699963904,0.2440482789731058,0.5122590770894979,0.42303135110023626
0.2561564012584195,0.16596305949983287,0.7543111086937404,0.5175692147365946,0.7817272611684619,0.39585252544782057,0.876684710373236,0.9012200076870132,0.8829885469984124,0.9106608949334596,0.7799615724750316,0.9209186688687755,0.8688786474566013,0.8459113650054637,0.2922763085297972,0.16793788541668014,0.13760698155886425,0.11997430941190912,0.3703666454235014,0.4390016125222579,0.46261332240392683,0.369494234141054,0.8402513018123876,0.854692132782624,0.7989216753645729,0.850564321008643,0.10376703825441058,0.2730642813883941,0.40174673728488597,0.32748885364193525,0.6389825899736337,0.3190959490283022,0.40118388671850125,0.28343590182127776,0.4892322294700178,0.4189704419499064
0.2148992802256258,0.1380106019797982,0.8341118597032131,0.4624959432356739,0.7797003085594736,0.41574704571653176,0.8726107605445377,0.9034876833638432,0.8923003903937492,0.9202769666265684,0.8037239833404852,0.9336669655937606,0.8578179592800083,0.8530521837029166,0.27975907085220614,0.14266304034649696,0.10940582546387584,0.08508395467455737,0.3490055694563453,0.41338661735949134,0.4643650841124365,0.30077927316820663,0.8147588670636197,0.8352264976251429,0.6973524306525501,0.9056782774850511,0.0763676006173124,0.276903003860129,0.562168565627128,0.09941741358244538,0.610020318739296,0.3180404751448008,0.49402206857401415,0.38885650642002395,0.46630454404483773,0.42196926719263694
0.17693696139457857,0.22253719992404813,0.7262271231324718,0.5619987884687279,0.7070714547088204,0.560036403339771,0.8568354769200937,0.8983102862616215,0.8789490668562399,0.9125472753270989,0.7820645628721625,0.9229699117257633,0.8384818896976726,0.8425008414821495,0.2870557651464491,0.148191990935719,0.1274770829478587,0.10801812970034141,0.35174096097909835,0.4143397248719823,0.4652556140757518,0.2805676273553498,0.8227718327853442,0.8348864530216173,0.7619239231500059,0.8348096456478258,0.1292195642842478,0.26983906578142225,0.6440364121164701,0.1906911399284241,0.6643702153726329,0.30865961763768485,0.5360463433210796,0.3371297786631925,0.5341365731964997,0.44888778944228425
0.21045196940672464,0.21388229850779886,0.7915878015362395,0.48314706328708956,0.7758785887578847,0.40716301900164353,0.85647462885505,0.8924615113747705,0.8824008258238346,0.9105457370657076,0.7746874524488809,0.9178187161527179,0.8362603079860884,0.8377009803528523,0.2995884489114429,0.1547893593293279,0.15581972542966244,0.1325608193287811,0.3906216711806722,0.4450156243495903,0.5076688015099471,0.3254330545274281,0.8473848049661548,0.8473723376799057,0.7901342194395945,0.8586223518482285,0.18032825692128215,0.29105170825384313,0.4686183125375691,0.2629799815836861,0.6749512246314642,0.3074964933484773,0.5461937300026278,0.31998846505125406,0.560552818065679,0.44633333709000056
0.14841010922002856,0.29242839667947684,0.7785925374188191,0.5241773499053491,0.7204963319296256,0.5375194193556116,0.8444756478372399,0.8843416202079228,0.8735328434270822,0.9023664984789262,0.7632334848029079,0.9164707995832823,0.8289851160743076,0.8282240944438661,0.29712193989978475,0.15938040635623746,0.17282309674983798,0.15266807318476322,0.38852814017293796,0.4383065343545617,0.4842934302124389,0.3649766880256886,0.8511381860469858,0.8480413895575378,0.7906739856103423,0.832145415850078,0.1988731223957428,0.276293771418505,0.48025939628636016,0.26945319346970814,0.6623772858052218,0.29762120488495863,0.3984838380809368,0.4307006914411186,0.5477354106489649,0.43491401038794225
0.23638071161284263,0.21180874231850022,0.8645982532092972,0.447442856556845,0.7374648448528822,0.47586845712456755,0.837330607884313,0.8843266555968283,0.8771196771028609,0.9030248437877681,0.7618449634096245,0.9163652752194822,0.8338706279856103,0.8209103298380009,0.2984928948920846,0.16372350276651126,0.1913562675725055,0.16744535816631828,0.41023970679681293,0.45603976826575787,0.4812927474749541,0.37349079987447464,0.8641559106973418,0.8538713257576753,0.7394810348578332,0.9007514381569088,0.17656440160267936,0.3180378465582192,0.4762846705317903,0.2929164512873715,0.6496914718044735,0.30492461576220276,0.45564516905159036,0.38042497284622023,0.541092092710709,0.4277168748890301
0.1798046390508209,0.24985875929214982,0.7885804896597524,0.4507548971275015,0.7456366961022907,0.47861148328854286,0.8299143942414167,0.8755311092457366,0.8665145139253859,0.8930363880009289,0.7491311753302727,0.90673093675142,0.832863446890443,0.811670563759262,0.30079016934551384,0.16721118884838093,0.19863955345860568,0.17752753603899124,0.3945371701397288,0.44832581954379247,0.47187991448008415,0.40985600621521084,0.8564906538738326,0.8488592672445682,0.7904142494576036,0.8277402163908978,0.14653518496978735,0.3290236236270916,0.49132174660857736,0.2998003489729335,0.6317149565588218,0.3139115228314255,0.47701201406174765,0.3648015810923819,0.518223438120184,0.4317845138304572
0.24152823138431875,0.14590335627033896,0.8161953411275608,0.4282596543619688,0.7183462281334682,0.4881365008268903,0.8262260302677629,0.8749168869252096,0.8647973289384755,0.8933587025861702,0.7483795605395445,0.905927982010718,0.8309865183401564,0.8108811796615352,0.29960297092878274,0.16248099074939315,0.1972566625273267,0.1755810955362046,0.39221791358868957,0.44129238492158107,0.486146388207483,0.31420572656804674,0.8542254607187851,0.8463153696759833,0.7203077653591281,0.8941170488875005,0.12449987905413379,0.3254940845685126,0.4162300872889012,0.3596975539644037,0.6161209238195687,0.295369774146495,0.37280674885626613,0.31331787767897973,0.4921374219249097,0.4342499511715728
0.19834629455003913,0.1877882565425391,0.8326530204397449,0.4106008559916534,0.7316618476649844,0.4288698718441273,0.8304812254804711,0.8712040351701678,0.8644855013271385,0.8932274111227203,0.7441490889751666,0.9054390678414763,0.8307023305006478,0.8115597239393376,0.29913363278446925,0.16061126398663456,0.19367031069739882,0.17298158964366256,0.38643250150522646,0.44219209834429185,0.4752582642192656,0.3607527435006539,0.8488876362767,0.8475923945427748,0.7060387542545277,0.8860599411786376,0.08082254346781725,0.3332018925005237,0.3602864370465366,0.2461934569193241,0.598276511240162,0.3007928068305651,0.6399173761834425,0.3007874305678108,0.47933354178813825,0.43367870950778487
0.19851621513452108,0.15175904911655747,0.7662968348511998,0.46090647471339385,0.7479903552772397,0.4330008338022415,0.8312558106005954,0.8748125830639357,0.867064750559946,0.8965449391818388,0.7515958804627738,0.9104935147287353,0.8301784049913433,0.816218991934113,0.3021409721091701,0.1693731073142545,0.1977793325991008,0.1783185244593513,0.4021616538762967,0.4666762485921516,0.5213066354940761,0.3222506768882568,0.8607873692522112,0.8563259460969521,0.7613652837810958,0.8985511667691926,0.17539033757183503,0.3092107605888819,0.4535630956536758,0.34784109806441704,0.6888650761033469,0.2981182941068191,0.4982962491458424,0.31770301981054105,0.5747415840604408,0.45859529512856756
0.15713536635124814,0.2586670888804583,0.7294140319568717,0.5163298758535068,0.7237799013693055,0.4754899083216233,0.8379808014614285,0.8784668705174139,0.8731791068354404,0.8979191535073294,0.7568412131171112,0.9162615367828946,0.8352755705993004,0.8268111685640298,0.30150312534879437,0.1662092091988156,0.19943607879087838,0.17831843203741415,0.40403286304563213,0.44903753531945345,0.4787156751301339,0.41046062840139336,0.8636502454260939,0.8481222456180175,0.7900359299441608,0.8430833036635166,0.22138574080456347,0.2726195618225671,0.3754561054057375,0.253098182044292,0.6781748494504647,0.2888146103175986,0.36862372600599946,0.48897347027000027,0.5757525289506641,0.4405435621065119
0.22844344204722145,0.21225797561616738,0.8173898142433593,0.4118858271501087,0.7526551728202449,0.4104955481978091,0.8299014996611437,0.873528705501262,0.87139017349875,0.894430664451928,0.7512685059978534,0.9130860672242561,0.8252744990722714,0.8245290951330315,0.2979198486573001,0.15674469856254386,0.19455174315781243,0.1739500133136358,0.38735026697278385,0.4420505570511314,0.43724717996941953,0.407551763909172,0.8633284963993925,0.8530132908652364,0.8068048224887951,0.8370027496996593,0.1940192993748669,0.31911303922081535,0.36226316673176406,0.31509033863100727,0.6663060146884314,0.3000960897212729,0.32769110738862567,0.4610823522062323,0.5663837946663599,0.4242035785458223
0.171511978271652,0.24946459267694787,0.7199641585883771,0.5326539443450328,0.7370146715347701,0.4373749212773491,0.8320295160643973,0.8719724059251882,0.8713450075940206,0.8915850165526955,0.7442617943996472,0.9066586292160033,0.8257586542042019,0.8184541269752652,0.2986254837039535,0.15548843750464308,0.19800777806419667,0.1751563461713575,0.3967242376401444,0.42973072051780825,0.5041918038422947,0.2717195222667147,0.858874387204325,0.842541316955417,0.7438576908299616,0.869117836468177,0.192050361172533,0.3112957683573875,0.5234269493056363,0.29606640377920346,0.6634288616145958,0.28682689943830486,0.36414627093892926,0.5257405053349206,0.5495616703511869,0.4108731180039753
0.16612213715186874,0.2695532988958749,0.7596805847199986,0.49105413054418634,0.7337107457140426,0.4405979487807418,0.8270174099158722,0.8692870483229642,0.8695954247640425,0.8925471542206809,0.7431911450206424,0.9112379161733111,0.8315167380286594,0.8151900210450476,0.30345926892840336,0.1706792611630505,0.20424337469083964,0.1831596666446999,0.40494273300221356,0.4644217120349155,0.4866483016427915,0.397789627467393,0.862736732544622,0.8506891298983854,0.7901895532637122,0.8237546471282906,0.16212509158212546,0.26986608339516793,0.4649083245899263,0.19009557990535594,0.6310197215971716,0.30730370863566847,0.5171405464923481,0.2371817724590856,0.5310066226945757,0.4079399737802183
0.05550851266865764,0.3550711831422304,0.7016121072138125,0.5271988405704189,0.7571759290625079,0.38919686457394076,0.8349727962821853,0.8738786529653972,0.875514000426292,0.8985527052959354,0.7508173052765306,0.9172287854173448,0.8469681043330726,0.8196484798408222,0.30699835349991056,0.18389716480243745,0.21217281422948975,0.19377789043343646,0.41874368255175065,0.47936652684785513,0.5094330730069841,0.34875354125532787,0.8600739014088643,0.8533197335464165,0.7496145794769034,0.8550516973343714,0.1016393722207653,0.28143302214768195,0.4143273764699213,0.3277564974383706,0.605693259828324,0.3091748538134417,0.4761163189361392,0.38652563705089155,0.5058919703746848,0.41367713704110937
0.08113078213388808,0.27002375136137646,0.7919255281416773,0.42933455792747566,0.7141554442223621,0.47254981127959383,0.844055766342104,0.8785178677377359,0.8770381651951229,0.9012614335724329,0.7555864078231624,0.9183518685044577,0.8507060385912225,0.8194033639057656,0.30176331127738604,0.17728244464652693,0.20247282804792005,0.18367403529020582,0.40130334984951893,0.461601199553632,0.5019505889842479,0.33966041651863443,0.8469306200396522,0.8437636841060918,0.7915298048420518,0.7984529437734036,0.0942280491386257,0.2594846590834366,0.3871732236222363,0.3042947842262539,0.5946273267536545,0.3144604296668937,0.323275745695202,0.3883809051088485,0.5186032468923989,0.41036694178076877
0.20592520918080245,0.15925380838718672,0.8269811456023006,0.4527584525829341,0.7270286975004575,0.5356698689134836,0.8528677577229914,0.8894516192496645,0.8917688689685198,0.9171983948285216,0.783473524868797,0.9314039236512004,0.8598623347861435,0.8391574676019729,0.30040975368339995,0.16289856815762255,0.17596958212617864,0.15567675927296132,0.3875841201590793,0.44646267306448917,0.5050972703355924,0.29982661467671334,0.8374541255547461,0.8365777743088709,0.7956766456429419,0.8532123475744264,0.1795803155396438,0.24982478162505606,0.23661508813499949,0.3919054139052008,0.6894072539988659,0.302462057149553,0.8255011151982723,0.1526376134947267,0.6072957871746225,0.43976679642616356
0.15157337381682895,0.2808310182772128,0.8751405780252866,0.4261296827766221,0.7830896498885968,0.4476527307589412,0.853865856165265,0.8917394466515434,0.9012194283866146,0.918736861951819,0.7872385848555759,0.9335029688739555,0.8684258153026228,0.8371509630339726,0.3015322168668065,0.16694627874281504,0.18038382868168473,0.15944717105337336,0.410782123416298,0.4551688050968761,0.4773054899562851,0.4202035511993376,0.8574094530584496,0.8545528366257837,0.7286191640221121,0.906268573243928,0.15110044761811986,0.289973414380495,0.429469710211947,0.36573811717568533,0.7177231160878744,0.3157130708633402,0.5217816453904784,0.29082665930813933,0.6605178605061965,0.44936261012218454
0.18684205264995463,0.16442376286128435,0.8067837933912745,0.4957630455680777,0.768233024082789,0.5353411871226434,0.8557593221792267,0.8995221760277272,0.9024682281610688,0.9255134571387957,0.7915098477674412,0.930095017150377,0.8744967784423621,0.8398497479815565,0.30134284214545604,0.17087473979563997,0.15845004557178072,0.13874379621261768,0.42071631090813455,0.4623907154625309,0.5298372602819196,0.33331112791018513,0.8721687589613527,0.8647921128217446,0.7719965447300998,0.8784397437463476,0.16484225446655554,0.19169579820188032,0.3373325537613401,0.4011703960788671,0.7609299621867314,0.32695916447921014,0.32999449088093036,0.4945278515578634,0.7142069047280928,0.4748968546023808
0.23391730321594253,0.08313097822797344,0.8422089598259207,0.4031442266012931,0.8172786643000702,0.44298787352263347,0.9037129369964088,0.9123752660854014,0.9115086881663375,0.9223673100987323,0.7965957685984574,0.930189039014259,0.9008777692762603,0.8660885770177467,0.2870973239698496,0.17828228257062723,0.181419976256173,0.1693075051016673,0.367377078983234,0.4376337656598038,0.44657009879831233,0.3878690336958805,0.8569930517640194,0.872434775154545,0.7452555446802913,0.9082575649440329,0.15099512175968416,0.21181152678757276,0.2908465236271902,0.3869920541762072,0.7837329087604494,0.3069791318938646,0.4405600411196916,0.387599876727045,0.7810753558887793,0.5261560210508797
0.14135987435216707,0.18850552677098675,0.8435109079884888,0.42794874282078277,0.8138409183530432,0.5193841141157052,0.8986522572981286,0.9193339910351194,0.9238976910814383,0.9374685689817921,0.8009900053770218,0.9286019453530108,0.9061620046625082,0.876023820945341,0.26823420698813955,0.15363640608632023,0.12527434470850668,0.11588368534825944,0.36068407314626594,0.428271380374675,0.4691481518904562,0.3009700537339003,0.8853302940723199,0.9017411606920078,0.749282713223008,0.9489187074070744,0.07486175381761723,0.19793421132565953,0.7661372472394794,0.14401917836622535,0.8154236061573101,0.3284510785656847,0.2958268432447816,0.5834205110913864,0.8150185493346586,0.5543625446571295
0.09700589901431167,0.1833365811069727,0.8975476786638776,0.39955750244603383,0.8424968170267907,0.49832623521724834,0.9093463551822583,0.9253714055141751,0.932832948864459,0.9454041161401765,0.8140504726340627,0.9353554929452802,0.8976391450303589,0.8787325075266681,0.27008795300903177,0.15095561358379544,0.12669186667919458,0.11978376134750196,0.3681191651437272,0.4318291957409013,0.48602043493959834,0.2971964709709119,0.87731620474604,0.898069996188074,0.7178769199580897,0.9674487809627614,0.05828240366718096,0.1934093431628428,0.45341949751833927,0.284110833784453,0.7508166252340391,0.31679066944442,0.46367593760226183,0.4058663985911503,0.7051397083324923,0.5204005897544768
0.07217613527715905,0.20922941163485945,0.7481715286821563,0.4877112305464492,0.792904731420136,0.46021286897459424,0.9014632633776323,0.9193229869151974,0.919132143184354,0.9344673101691682,0.8007211358761257,0.930993262973928,0.8770485473907594,0.8753561195929449,0.277700867017815,0.15759634633838943,0.1388438579230622,0.13293680662350582,0.36495237586679274,0.44119058342184964,0.44840091701183793,0.346061918409497,0.8680462689170494,0.8820993822229344,0.747865780931126,0.9268568494552709,0.05787099208182689,0.20786101845631683,0.41159462990960505,0.2907038639350254,0.7241789321088152,0.33809177403393187,0.47209958165793925,0.40881868136970895,0.6910526014172482,0.502602861353287
0.1288885573302035,0.1878481512441626,0.8467057770618682,0.4070257765007002,0.7935026837700404,0.48129861990843015,0.9127865642158108,0.9254235001881388,0.9257245807970954,0.9383402239518812,0.8107586215856137,0.9344877551810147,0.8854815304196779,0.8878194311849166,0.2903188344687562,0.178623718115904,0.16064533250090174,0.15846693402546147,0.40420873388116163,0.47509637320915843,0.5016095290005033,0.354497184658595,0.886824001073011,0.8962790339115246,0.7045037958467968,0.9459584517173192,0.09123690531921858,0.25381530811886666,0.4930930051303377,0.26337689371334777,0.7411348324971381,0.3119616860590728,0.4562808704398158,0.33320406568899474,0.6976565211563392,0.4918183879876843
0.12333593580317148,0.17617227911314826,0.8052316307457424,0.4173929175677385,0.785042634857192,0.4810066569630541,0.9042491793485454,0.9195423364971913,0.9275589367440411,0.9374358274599169,0.8086936155039932,0.9353621535626053,0.8918700822580079,0.8741324208561012,0.2917314658649701,0.18003745198352292,0.16784949315997083,0.1638679134836184,0.4154607915823928,0.4687775044876133,0.4960552121824724,0.3619727622173282,0.8926385670112635,0.8968932906137963,0.698180814437463,0.9551553130283981,0.08454647105278401,0.21722211425153215,0.5489842204256778,0.2157257217183775,0.7126361988342824,0.2891531563340442,0.38891334329287625,0.34178361578465233,0.673022039014241,0.46731187998497525
0.09754802840969234,0.2040665720895382,0.8160566900079236,0.41893945973589775,0.7806067201316971,0.47095916008257593,0.9067599751357948,0.9171145121409995,0.9267597960149065,0.9348006468647978,0.8014740032539271,0.9308617005338424,0.8915979612107876,0.8854965649458313,0.2927834538222587,0.18129370312067541,0.17035827107147455,0.16832586087235463,0.40574587894968517,0.4752478890301919,0.5112562788272358,0.2976952380971642,0.8910051524643694,0.8933067232123797,0.7554097921520098,0.933841986145008,0.08156190365346622,0.23756035906923678,0.5049129700778303,0.1845682888463555,0.7020844429975985,0.2795625338086485,0.4524514814630866,0.4592429861298364,0.655531187860941,0.46422072567329126
0.09626258094082873,0.19709064854509759,0.8160484288978949,0.42677164253770705,0.804793856551084,0.42073758319422283,0.8977260440314736,0.9137775027593094,0.9229198963912683,0.9353007070536077,0.796405387717892,0.933295998768926,0.8847535138369709,0.8857760053209969,0.291640330604228,0.18467032422739132,0.18258927271346498,0.17844965159485032,0.4197975633196056,0.4777586389104237,0.527926505902615,0.32482461704643784,0.8994142014008377,0.9041395419448682,0.7567167862443154,0.9241474246776678,0.06375693500480234,0.20510644673763712,0.4537927492480801,0.22857422857328574,0.6825739317524596,0.2828489043998907,0.42429337976019776,0.29850499175016554,0.6268054039881716,0.4602094993129903
0.06900604858365089,0.2090843676012633,0.8314134916962366,0.36930698318170596,0.8081086993084725,0.37042383461482187,0.9013942260723338,0.9152747129985157,0.9257572005929062,0.9376923421894319,0.8127181992964598,0.934910044113388,0.885842302540494,0.8828899527575242,0.2905177707749836,0.18020946156037512,0.1767563829365763,0.170547108084667,0.4026259143845351,0.47147105901946873,0.4818353302367505,0.40605901422974744,0.8795746147813401,0.8871439673399661,0.7464554134038158,0.9157408365870243,0.03297725009244318,0.24638986247085476,0.34848027005738147,0.3951077538923909,0.6377389473483502,0.296617304846886,0.4660941725865663,0.4015918000031635,0.5896106282046539,0.46799979737670905
0.10135423416522082,0.15504753072379773,0.7204683933872882,0.4448198134075889,0.7515289059860194,0.45365659145890325,0.8902430041427518,0.9077301602228239,0.915179042141161,0.9294513774776836,0.7930940789968323,0.9307676762545826,0.8838979723852378,0.8759152358516985,0.29175521418264855,0.19434193275927705,0.20420046500381883,0.20082861795175844,0.4193535555899864,0.5041123849646991,0.4718505344055044,0.4746242559517687,0.8943437838569971,0.9028038886227192,0.7263313965793214,0.9513146057289914,0.0,0.21034695472993375,0.44449560805567084,0.2902317962473813,0.6143391730813801,0.2883459708282369,0.4568197442079051,0.37918382618628665,0.5624244836897917,0.4786050314870034
0.08279302789204152,0.17812752820187094,0.7219906080182769,0.4242165359477105,0.7831885235801277,0.3445679553286849,0.8936521644541684,0.9129245288479824,0.9209860173031222,0.9340468675558561,0.8066382860160901,0.9339295671878132,0.8903217485313248,0.8814446250547787,0.29354925036070434,0.20446607808129852,0.20451530470809404,0.20367912301945934,0.4212189388515838,0.5026583841449185,0.4887681947496291,0.40522612205514474,0.8905811106718067,0.8976881561244153,0.7565946553663561,0.9142735149108232,0.09087254126140615,0.2278484305705018,0.28892783600570415,0.3710817065191977,0.694405218234709,0.29797086681459917,0.6157771509116489,0.24801221546886854,0.6649397727527298,0.5087102537651935
0.17594667918286538,0.14932606442763785,0.7926137171771179,0.407034235621951,0.7936902929781786,0.3390506032834819,0.8907010364379259,0.9080305754050085,0.9185943077517073,0.9319728693023952,0.7988111488377816,0.9315839303906528,0.8887010724881887,0.8791187808821403,0.29293782937427715,0.19849120392553748,0.21876389542578112,0.21667260343836883,0.4447294999407765,0.4999947980773998,0.5104558535340862,0.4160517265442288,0.9056956381662565,0.9047716021303884,0.8244634607187543,0.877133907065848,0.13700959767654153,0.21058048073287677,0.5553137689373953,0.13575565341215243,0.6999365895654167,0.2877279181638944,0.5621140948937746,0.24174263247335337,0.6575677986643593,0.4975185206584203
0.14145819250840508,0.22983847075333083,0.7750634416216283,0.4464426951763075,0.7676087703744326,0.42090648637056666,0.8929485868797805,0.9114927138986164,0.9277316817469318,0.9359270200214599,0.828839619519605,0.9401894585443712,0.8899569266422942,0.8814142203698924,0.2867887177513291,0.18918369232607932,0.17403552083054624,0.17387770392849855,0.380430164059005,0.44498381812332843,0.479671525212336,0.3396172471604508,0.8687056390656756,0.876478118278055,0.8100875616956739,0.8934726552957151,0.15308822896175323,0.18323304010603852,0.3722191156380236,0.2836596334879893,0.6882151438533882,0.2745331427475729,0.3718720447232995,0.47573420448641063,0.6227272710880054,0.47246792097736734
0.1332451888743338,0.1807995591297794,0.77802555295618,0.41838949021971694,0.774512468959424,0.3830228782740597,0.8979687918466448,0.911402244481499,0.9282423048603797,0.9394205805279763,0.8252923868590136,0.9359051477158623,0.8856801397351872,0.8778671365648267,0.2815686694010988,0.17822197027728187,0.16255718528062335,0.16289895224658468,0.36573855810581135,0.4457317089502618,0.5094140279287394,0.2638187263760037,0.8691941241941319,0.8721083605439012,0.7356320637704515,0.9469485261339763,0.12153269291093838,0.22651319912536277,0.36907029916509226,0.25246460621111566,0.6612051874726397,0.2951336852593997,0.4148492264931267,0.3890119463523024,0.597027345583506,0.4635151776760988
0.058014191640501644,0.23965445211315858,0.7312899246699096,0.46589599039582164,0.7608147304259876,0.4302970753675186,0.8910236216064893,0.9096482442729295,0.9294562136320224,0.9405731773131353,0.8237354668933046,0.9373092291439424,0.8861602958923178,0.8758655078633841,0.2806709924899407,0.17656514387489108,0.16098550731281708,0.16266550928867335,0.36119344405394793,0.45649625824044054,0.45997348469506616,0.3678660964044985,0.8652714079955597,0.8816213591645211,0.7549848614637,0.9494412414197497,0.13387878206441095,0.1471233776871262,0.416174180475861,0.18288059380272007,0.6413225059013409,0.286807945341139,0.628010372664574,0.1913714752853117,0.560267462092547,0.46638385303202196
0.14408620873626532,0.18976658715626837,0.7731995791253361,0.4440008100947367,0.7813619244377743,0.4077019625780005,0.8927673650542558,0.9120970453520773,0.9288546681682016,0.9409406533187068,0.8212965818291076,0.936558057275656,0.8770798163920626,0.8909267300661646,0.28284577966957475,0.17712383564870735,0.16203375883133725,0.16248370407957946,0.3743036796623307,0.4506208781178447,0.5085387384882072,0.2611444426983607,0.862455794174509,0.8733947004632396,0.8007599037017453,0.8730822632324391,0.082367483061282,0.20112528008274055,0.47241350229370604,0.23180549962832286,0.6065870938524178,0.3074761861376584,0.4628233271218996,0.32283015121364794,0.5258666283327946,0.47720148103314947
0.07872673570700489,0.2329433207678518,0.7694157764638838,0.44874145216953176,0.75451141159169,0.4649678994091688,0.9026748247327498,0.9157392860468967,0.9264047917225642,0.9387054424849408,0.8161623903552899,0.936329297791606,0.8873099198601917,0.8846734948867423,0.2867544550071399,0.19070253266370568,0.17495651836248005,0.17646313870593916,0.3923549319799925,0.4733941479288485,0.4923698565894678,0.3250188778621418,0.8644873104249686,0.8779336230730325,0.803660556323068,0.8648808705406408,0.08054284641835574,0.20373127598838103,0.47075720460550985,0.26887804457047226,0.6273432449240524,0.3125194727638966,0.5969506768376135,0.15982665872472057,0.5703601399993175,0.506021564024988
0.08530728378319424,0.25424400667491304,0.7354206381267205,0.49046711386044417,0.7991888027225013,0.43015014156482856,0.9244565572529149,0.932324323111855,0.9385872647743707,0.9495487537677236,0.8451699344795196,0.9417157184140512,0.9081558556746935,0.9016659748836415,0.2890150656739256,0.2058117306644849,0.17648942275356355,0.18491257509892517,0.4168105423778198,0.4852992336936946,0.5023519264294583,0.37252650201780446,0.8785138946375601,0.8930735270030405,0.7839912788847292,0.9305065869435084,0.1476652193060216,0.21270295678080098,0.4192644681376484,0.23049475698936508,0.6734163868556733,0.3259844469797971,0.46453582767700036,0.37674598625098416,0.5903176523977269,0.5036931339131432
0.16769735087274568,0.12392302302392633,0.8280107731137147,0.4152878532589058,0.7952407601040999,0.5148002157581133,0.9395109995250679,0.9438209925691864,0.9606161625296714,0.9638400223446086,0.9010887130958696,0.9507645805737285,0.9238143215550754,0.9215422258192183,0.2767399912351104,0.18662701805759602,0.1589513639039542,0.16976188549848198,0.40505930731975026,0.4660588321815775,0.4798583826245699,0.3686407820540867,0.871236511213668,0.8858186543519515,0.7923862893149203,0.9136286011171417,0.13447855701478556,0.20502368459731513,0.33971380377701443,0.3317523216841135,0.6598698979962327,0.3192758954624273,0.3314747849727302,0.5510514115670011,0.5576744592535954,0.49240857234357654
0.1551914665952273,0.1291756314863931,0.8097276926269055,0.453135898982133,0.8350154705856241,0.38631663246349723,0.9576635322510476,0.9584062728333221,0.9727228009772999,0.9736625456679733,0.909928543925824,0.9563551857434368,0.9298660404362833,0.9346939217655155,0.28277156281917337,0.19054094571212252,0.15562030556241097,0.16728959898253454,0.4179183630738321,0.49624454043209437,0.5063039217305421,0.37195552842152546,0.8786486359229095,0.8882143488249208,0.7926312889996713,0.9094468841961636,0.11769634969185211,0.21870516009712854,0.5218572310262394,0.21852012346879446,0.6426754976801218,0.3138306781681226,0.5837530925220328,0.33678321987326676,0.5494067320592959,0.4942947489493892
0.08424627122125372,0.20862660039794934,0.8209152612770476,0.42930455850755,0.7897555154001829,0.49465607223017105,0.9657721885300334,0.9676917277257867,0.9724714148244769,0.97321288928562,0.8935962008621838,0.9462459238430562,0.951095145271809,0.9468758545730771,0.28787096303428106,0.20189540310335172,0.1722123384793166,0.1824081209247106,0.43191266448496224,0.5164986035987823,0.46511651077063954,0.5031168514230482,0.8866968435068823,0.899589117646998,0.7282963373720353,0.9461409177911619,0.10259484344894937,0.19404251523348037,0.4367606334981507,0.27738942941860956,0.6201929622093555,0.3190715338015337,0.6232123893555108,0.3152996569295779,0.5201951170433118,0.5000640548857825
0.12415204956818154,0.142352581855698,0.7631667430968629,0.45226960206582617,0.7811556229657622,0.5138127369181891,0.9673658866406591,0.9667727712358882,0.9670908615141709,0.9654322815019653,0.882083861306617,0.9404648491638532,0.9411114707324064,0.9482631618329214,0.2863611097483053,0.20180872866729416,0.17689747069241063,0.18771631373536896,0.4195204014403706,0.5139806701139648,0.46984011978425855,0.47597845557290774,0.8732489147682463,0.8913230849722242,0.7096652496625956,1.0,0.06756642254080492,0.20334395214273188,0.5529611168433108,0.10993874303744006,0.5822610980031165,0.3235312133937043,0.470584460371032,0.3208134548863952,0.4920188754835553,0.49733173913360523
0.1030764808422236,0.16110713339797128,0.8022349122931651,0.4113052528795137,0.7605183064512584,0.5577780018947914,0.9616814146991395,0.9634982034604856,0.964085036796886,0.9650874317591484,0.8897803651904834,0.9406288763748047,0.9361527879818903,0.9490425678462836,0.2788257429233277,0.19259712263016054,0.17708242283959458,0.1894568951107522,0.41212576042752025,0.5048638116554324,0.49833207653291345,0.36968187415493026,0.8762149291497144,0.8924388199266744,0.7090426447846436,0.9644313416281571,0.03757319341718035,0.2018964597659446,0.4752857596811953,0.2325545156448971,0.5591716314958914,0.33040595550057456,0.5903284738429494,0.3215939226410375,0.4860307279124952,0.514892193876984
0.11037232935100766,0.08658008192740346,0.7787192160014295,0.4328327512616327,0.8160104103361877,0.4313578832754185,0.9752199633107552,0.9698639920870898,0.9713654933212326,0.9733809700560911,0.9022870410017062,0.942692623989835,0.9508941538883788,0.9573740193618155,0.2836031004785157,0.20355124251397708,0.18010366232471475,0.1945429917305725,0.4364823968584883,0.516882413039848,0.5227218818964122,0.3807113510621097,0.887438960694132,0.9006948727980839,0.7801537078311608,0.9124267286851862,0.11571880542672364,0.1862489305648367,0.2593123985271853,0.44074567311081964,0.6362742842924243,0.32459463689115764,0.5741473974119413,0.3047846726324357,0.5536404134143372,0.5371534721060094
0.08833073460463287,0.18230791305675897,0.7965130284895381,0.42859403732142176,0.7822976229618456,0.49813160237265713,0.9671606993911839,0.9680238199897886,0.9671327746776393,0.9656384913091898,0.8798104223769228,0.9365043491338872,0.937513848862018,0.9554806802519669,0.2775384324694816,0.1859459072100303,0.17813315984854133,0.18483126997241311,0.41838799321964304,0.4888421857461688,0.47328776647798004,0.4325507863454976,0.8827665854802218,0.8923155211346411,0.7469326436214938,0.965200354382511,0.13264759816612726,0.18379214809686611,0.4139191245145342,0.2432997318780117,0.6069950072399053,0.3254725544739516,0.5554673880528256,0.37990334891639305,0.5269976973724038,0.5137553830901695
0.11856963656351427,0.11216096150983368,0.7712035422690189,0.4099979404583022,0.8150568940034957,0.36692836046739574,0.9540141322359534,0.9578735471705554,0.9534284823389425,0.9549076186095344,0.8560149360911165,0.9285613058513098,0.9371426844952081,0.936963894501833,0.2748160516419423,0.17569358167735222,0.17223752265660486,0.1775539829157175,0.39904686551767915,0.47583578671668836,0.47989798687083773,0.42778215349048776,0.8723891726698152,0.8840297259761423,0.7054646374652281,0.9757431687036311,0.12706775314162677,0.2111845428292251,0.4876783430573175,0.22161469376257756,0.6039310846203741,0.3121141939635444,0.35791200279481666,0.4252975869522898,0.5203137416616375,0.5116955515139162
0.1256657845701466,0.1386718770003192,0.817319834768289,0.4030622444354147,0.8270274668283689,0.37999137432321217,0.9582671464392392,0.9627927804732599,0.9615937768168781,0.9631272322042389,0.8720499025139351,0.9318003923640025,0.9357896704748058,0.9510107476313351,0.2813839723231382,0.18747583576419566,0.17789990695732444,0.18419102271795446,0.4264477201741496,0.4845836841476476,0.5375420880455647,0.31300027792011714,0.8854383373006611,0.8928655798356375,0.7568040842836281,0.9232075215422553,0.09706226210710206,0.20294061802286278,0.25823913704290863,0.49205601786336894,0.5838499952263622,0.31723623580637833,0.49539071851235744,0.3505449909862851,0.5007100688039879,0.5108181552890595
0.06189891235948236,0.20551222774900976,0.8162445785823713,0.4219249323128802,0.7962882858198866,0.4726148399754003,0.9556926223515145,0.9665253514092298,0.9669821750540488,0.9729778883310755,0.8939710375619281,0.9377131518557925,0.9429685660583456,0.9544346482669042,0.28841788555563025,0.20144098870720276,0.18096451394201374,0.18746687860940553,0.42975120202957107,0.5154134176267885,0.5061214613456798,0.42243333265467276,0.883782939159524,0.8949160989034197,0.7699235582675947,0.9081961521420047,0.07355933397819298,0.14641373773714744,0.451724343047041,0.2774268584570201,0.5592913357538529,0.3172192315467977,0.4924532949120022,0.32377075328389276,0.4770299262439597,0.5159966064228242
0.030428947457097566,0.2331401551611451,0.7084053798308376,0.45971842877168323,0.8250875975526568,0.3767893670597987,0.950715006258325,0.9572724435483296,0.9599467666464591,0.9646897189619577,0.8758554231298008,0.9331885295931935,0.9255449378827776,0.9576631050238915,0.2836380776946118,0.19788346697728648,0.18043034911760786,0.18828787247425577,0.41010029572208107,0.5068983779854702,0.4897906962516786,0.39148661063602525,0.8800526627620866,0.8954424064989704,0.7093862006322805,0.9719741842188075,0.03913914823898795,0.18984299460340343,0.3173025819263401,0.3254331489314852,0.5529702259694272,0.331424337779622,0.47952913654758106,0.35401258783489564,0.5037720533159108,0.5298804513057439
0.06137225235275051,0.17906842191875844,0.7366639370464515,0.44143390102589275,0.7434374169904403,0.5373663434894297,0.954740418475247,0.9619771296911418,0.9498357188859119,0.9560166309395917,0.8562879275800774,0.92196854422261,0.9267841404138282,0.949151765011097,0.275893695506242,0.18010536411177938,0.1627743563589416,0.16803489033335117,0.3872681733431803,0.459255620763529,0.5344585167980923,0.27275457651438606,0.8692202709498267,0.8844815085957964,0.8076182178333278,0.9136457442969191,0.15673608611800421,0.18963302672021937,0.40982603204885437,0.2954001959710716,0.6330028799230771,0.3422533836266511,0.4769781449163474,0.48390760613070827,0.5647136742313026,0.5369058026238906
0.13971248323454022,0.13889072617239662,0.8257855382889173,0.38509407425593795,0.7775873451365138,0.42623481529104235,0.9500809394777372,0.9618307117340718,0.9597358037616996,0.9618226231323654,0.8769064045342643,0.9280639250414413,0.9225209418408357,0.9400146268823645,0.26988814161599933,0.16234576588172095,0.13903260750268537,0.1433779993844319,0.36549749878924154,0.4564712076572217,0.46805798173994906,0.34855613539853525,0.8713723339788906,0.8797720474429558,0.802591864897501,0.9166285516504149,0.18117612014673398,0.1562383928541035,0.34625119018744743,0.4050333578962843,0.6249553227028739,0.32613292721416687,0.47656411230620993,0.44889100141751104,0.5569162544205809,0.509618429646741
0.12682175622945707,0.14333686574167087,0.8707855555583726,0.3568356705362773,0.8050190727368036,0.4092997103776017,0.9465805754459269,0.957519969684143,0.9608269249373509,0.9670207820455525,0.8880356067069732,0.929457750407073,0.923563452241235,0.9383803724343183,0.28494942856808486,0.19230294335780512,0.15714385839595169,0.16569907413043283,0.41218210563264224,0.48736948773807864,0.5192247910090351,0.3220481773516095,0.8856697663167576,0.8911810372421451,0.7609960905093303,0.920264002440529,0.16288985525567984,0.15976791717902084,0.5493221547385121,0.17549605724124626,0.6202071605665825,0.3115934318156217,0.4162569386081,0.3956822333237613,0.5517619704774231,0.5069382548018824
0.19748465852144403,0.06139257677373566,0.8831342169794101,0.36453147135729436,0.8253059666977873,0.3873544050525226,0.9483122018255592,0.9556438424723425,0.9597425890640808,0.9633414809327341,0.8685734149574718,0.9226487015065157,0.9328922104624033,0.9488175322426173,0.2902368736206482,0.19019950212123402,0.1753171894441058,0.179182706948116,0.4185153071749189,0.49165752535808027,0.518275479191433,0.3070183534474431,0.8893022140582818,0.8868362235674361,0.8209230240293566,0.888143973775632,0.16036994564460544,0.15735675051107728,0.43191526917672074,0.30972117584533093,0.5903116724132571,0.3229211212204023,0.43488917171393404,0.32775679390573886,0.5353001069054437,0.4974863915096773
0.16174839638003224,0.09365494168757676,0.8206455677173139,0.3907769629432693,0.7859998022884858,0.44928439670429376,0.9426574650793216,0.9527585589346714,0.9567360068175809,0.9591639053885563,0.8667556019325775,0.9204139215281975,0.934317877973347,0.9380050602873818,0.28678050440822916,0.1874174211101017,0.18634839835786676,0.19098742814955666,0.42913171334951533,0.49128769532774175,0.5066574996612067,0.36071007177856174,0.889511952718063,0.8813547232138638,0.7852227385257138,0.9022649578411016,0.12434391327318506,0.20323215614728757,0.34808952129722487,0.3349938393173754,0.5723000076786027,0.3190590430234883,0.5074626061886818,0.42138111991237637,0.5123431861896417,0.5026000339045998
0.08955643370589872,0.18110150857034546,0.8048592190764046,0.4193080541034331,0.820589734005857,0.3982713605806145,0.9390074815394338,0.9474280204377074,0.9600068301366624,0.9624599307496164,0.8776382846209649,0.9251619591161819,0.9233917265299352,0.9489178479640665,0.28333206923982734,0.18738031447188977,0.18580503744846127,0.19004103299294034,0.4102786079267219,0.49491224118004995,0.5237778588316324,0.3073844689907592,0.8841746452288983,0.885082045435984,0.6845917396547483,0.9768779361472029,0.09215707946006091,0.19827766870127644,0.34731320562673446,0.20061545490499044,0.5558347125157771,0.31989550759717816,0.39750067543235224,0.39822951211272767,0.49441650248591285,0.5116745467423021
0.0683130852212181,0.16863603800770743,0.7677216679268345,0.45298714521716665,0.8162809999846545,0.41833543552340974,0.9435833871430355,0.9548196137060825,0.9614097881053265,0.9657800845596536,0.8798974416668538,0.9247814978728982,0.9386075543625323,0.9480859462279767,0.2899413591581885,0.1985468970573596,0.18998037972008613,0.19629214412781587,0.4399173495989433,0.497567859444587,0.506997538804473,0.3927350519333529,0.8924443821710416,0.8869708759092987,0.7913022784182085,0.9239607849269513,0.18278654058889532,0.19293213964556583,0.4885141860640082,0.1974683392708221,0.6460685915772371,0.33032175691113363,0.3537183346675364,0.37796603087607206,0.5826121171810846,0.5341131837876799
0.16730695537668788,0.11665579265880066,0.8116044791192243,0.40807381808793486,0.829193430828536,0.3694986189248926,0.9525941056599128,0.9618580510158206,0.9672095127659339,0.9707767033169779,0.8949742340808722,0.9283037359836096,0.9301460177275775,0.9597309828521893,0.285613377150713,0.19263980598662872,0.17739253589164256,0.1809315567702004,0.41459912358991546,0.4856064766357398,0.4771368490690545,0.4142142048372604,0.8816843049089009,0.8804774443055644,0.7941356719961747,0.9044074874023713,0.222273190522842,0.16886750508014692,0.5772709672596883,0.24041753443855537,0.6534944263606081,0.31425223080576303,0.7102088636915806,0.261696537789809,0.5837323473934439,0.5108493202341905
0.1608911015784527,0.08622271624058364,0.8785457151044949,0.35236025339900007,0.8358989423596059,0.4089133774154442,0.9566793799699052,0.9612268875203249,0.9703926573777919,0.9709665930069502,0.8973315280148939,0.9279246983998076,0.9471671875529885,0.9484709762184014,0.2837665297616145,0.19411129984908615,0.17239531737665093,0.17960895140601174,0.426146951021251,0.4728103103157072,0.5239708080680225,0.2602608121742677,0.8848811227774174,0.8805216595875743,0.7871815622616061,0.9162849419587146,0.21413480196475226,0.15802261210267987,0.505737073692147,0.24191808785460306,0.643781807368707,0.30423181882516703,0.40138504663651636,0.48955624272979464,0.5788897652958302,0.4883252834473583
0.13414516027223838,0.169894147000335,0.8390146425972096,0.4320750331565383,0.8758200968453134,0.32972858637927177,0.9731829570026309,0.972946779069081,0.9825394901684712,0.9763976205336554,0.9178022441395781,0.9331587051531485,0.951523124053226,0.9579764795695697,0.28095735871584765,0.19649269907777134,0.16062355518383442,0.17011481948334117,0.42470552249709304,0.4742194241524238,0.4832918582014588,0.379434449964086,0.8796337661188884,0.8769229537585737,0.7178566586784763,0.9751831973326244,0.18667731137760532,0.1652491476367549,0.47968198606471485,0.17593789631096304,0.6284373992380147,0.31008851348612626,0.5284545738051897,0.3945991647677091,0.560273690631716,0.4811511079019849
0.09458483994276912,0.14473955563436758,0.8028305367231752,0.4481203951090329,0.8589856023133757,0.4178155667000919,0.9808044847461677,0.9770107692925005,0.9874384061177602,0.9857396703106178,0.92476855258224,0.936512931708749,0.9578486974945575,0.9777802722814002,0.28993933849447223,0.20635151193166432,0.16554065568596926,0.17672420832974506,0.4268909714734899,0.5143915878944839,0.4798379691750938,0.42661458633714744,0.884845303588034,0.8852654646372744,0.8469607721030201,0.879343116551552,0.1690668494668422,0.13956875561588483,0.4341447935173629,0.2602713346925123,0.6186559176199776,0.29144004849445626,0.49703081644281627,0.3453996988631206,0.542316352824144,0.474473527200838
0.024672695871418793,0.22032155221556451,0.8063513130614044,0.45911776170400254,0.8273621976062613,0.4860602076149919,0.9822160260533039,0.986100443725081,0.9875666635759043,0.9847576532433311,0.9266908022099996,0.9338930082150904,0.9707603755314878,0.9739894052448779,0.29609204730038013,0.2137691253170838,0.17321950419174997,0.18150876444087055,0.43288031837470264,0.5236179351188165,0.48574750949257883,0.4046446661224456,0.8752830715302137,0.8816820868679522,0.7552601169969183,0.9344258002600561,0.13112312860799835,0.11150872564101466,0.44364319424563464,0.26830584068778235,0.5968314332767495,0.30314250283616895,0.6458621856958673,0.27288655708956433,0.5194848752188872,0.4668879065024832
0.0,0.24010835806042174,0.7758366672259821,0.4943585180175029,0.8682768812588901,0.41042842095573695,0.9781449295689302,0.9856609595758455,0.9886047570203591,0.9877759646772548,0.937609459652454,0.9391127958876246,0.9654467704412535,0.9819933689454953,0.2972932468613668,0.21657011420514885,0.1776876412537272,0.18619113545189414,0.4594457127705093,0.5425531722288409,0.5317137329011747,0.4204084726242,0.8871658797127671,0.8909115789627322,0.7983340705457899,0.9055489401432224,0.1268720170552618,0.124512427395848,0.6042435944597133,0.2187785015922708,0.6273451389012195,0.313504896551151,0.4858508040234205,0.35673641745867096,0.5751739469938816,0.4932081899954639
0.09611243899187671,0.1285593109906919,0.8256207331112829,0.447702779637449,0.8606740041627126,0.3992660752230704,1.0,0.9968839781441862,0.9962940322983189,0.992545055473359,0.9447460490580131,0.9381021093593817,0.987927331559888,0.9999999999999999,0.2992372220834975,0.2329044551254804,0.19985207812261774,0.20983755401974571,0.4895352542986188,0.5521517169207023,0.5380717030305835,0.4029353230218664,0.8981253353113109,0.8920809855993896,0.7487391177352035,0.9568420885403568,0.1701007916964844,0.16094780256878438,0.3688878395567729,0.3396047546252509,0.6556756680164152,0.29906487031880497,0.3773775937732638,0.3761036641544008,0.5991599190793069,0.48765936141521077
0.07915112985678363,0.17199269611956797,0.7609129422837363,0.4807962592929088,0.8067909398082969,0.5238514048561218,0.9940883360328998,0.9892069144173228,0.9908442699032605,0.9814781131321677,0.9305372444519127,0.931296789544857,0.9849232766002362,0.9828153967149019,0.2914354794993429,0.21901410427996826,0.20645711982652387,0.21371401250253164,0.4777602473335455,0.5425728919513031,0.5428153446213015,0.37378931641254654,0.9023404192768503,0.8959679743036538,0.7747535381673081,0.9152059114345903,0.1709713312544674,0.12360367724070725,0.32326991326355625,0.4467636576203788,0.6496883377274145,0.28243217253211456,0.4705753583186678,0.45599440258751706,0.5821433128280661,0.4548257409892228
0.10114361482519069,0.09680420467938305,0.8159429350760429,0.4414038710244238,0.8329592448710071,0.4805198401848595,0.9932024804174153,0.9889954952814292,0.9906837643301005,0.9814621274398811,0.9301626321588192,0.9264348533333652,0.9851488445986331,0.9857771917873002,0.28517084976713425,0.20788797689565686,0.18318577652850176,0.192931181786186,0.45330943873211565,0.5153387099989106,0.5073939929780785,0.43294331771777284,0.8911956383040263,0.8853615442619106,0.7800962449260408,0.9217220261215551,0.17200833784259645,0.1272518130271818,0.4755983048152752,0.24069193415837653,0.6510041417146559,0.2730382053697421,0.5318588450938031,0.36549488301884575,0.5710588742124889,0.4521423844227936
0.09484520131892277,0.15009459549257204,0.8097830283082409,0.4656415993915768,0.8545922256640779,0.39068782924078094,0.9967764664837144,0.994255703585841,0.9995146459504027,0.9905055679809995,0.9453285947410967,0.9297946213680971,0.9848791505680257,0.9867629388630881,0.29101463833798374,0.2118944076915777,0.1763572365853056,0.1877427273288178,0.44620051007576905,0.5163095365722705,0.499874350570977,0.40623062240775837,0.8893013440122066,0.8817013964818131,0.7796763915544245,0.9154332701308647,0.14066854632763331,0.12025429098054707,0.44891694445928115,0.31779592023736086,0.6407910089823283,0.27278521207947576,0.530698664350579,0.3434586418712655,0.5523255695990805,0.4387384467925167
0.07368883335943749,0.14601812744825599,0.8895764495952196,0.36792789018439076,0.8268463593569958,0.512324988924491,0.9888865246131866,0.9915388198965902,1.0,0.9932642760936428,0.9481297713652501,0.9329097041206249,0.9830654039552116,0.9913894025650436,0.29332375675141376,0.21400382680767596,0.17793998483680462,0.18680605802894207,0.45079843765244876,0.5143048460230103,0.5384485943426471,0.35938831852545694,0.8863717145152926,0.8882962224524482,0.8395460896558548,0.8824202854341012,0.12481676275700543,0.08350048049787467,0.22846844903189,0.35360803577312816,0.6149623937547051,0.27433870757689116,0.52987753695541,0.28058160135532745,0.5284392919910469,0.4395587053075266
0.08824962483075582,0.08621521737336874,0.7974126445698572,0.4427085847504854,0.8010999462030137,0.46548758574954685,0.9829527916593694,0.980256647313264,0.9825336440779147,0.9797944354223471,0.9111546578923477,0.9198484668997757,0.9675940307719981,0.9825774482735085,0.2906470310063234,0.21226485696740469,0.18038332792865336,0.19083879101904205,0.42442643938441327,0.5188932384735947,0.47134934233504655,0.43083857090988215,0.8797084457165474,0.8875900129447902,0.756736221854181,0.9525670817689174,0.10068207508465299,0.14421239441944322,0.2539845211558428,0.4246105860926681,0.6368644532671783,0.27043745047187756,0.5311380502887351,0.3267639381664246,0.5702654232230053,0.44633579610486085
0.020303176053820482,0.23717302219857256,0.799204953185433,0.4316571984306351,0.8085370359392536,0.413420746667878,0.9745501579127538,0.9754806362217767,0.9716507338251021,0.9692899679265192,0.8846264420663003,0.9105835220393197,0.9563424502709359,0.9672916463278279,0.2899923243634149,0.20128959134604907,0.18958997535779892,0.19717441419992449,0.4470503723606324,0.5078736951573505,0.45222407914855745,0.4940147811309219,0.8990487627287553,0.8912518037455326,0.7967557332234748,0.898548752532647,0.1781486379043376,0.1797671887963469,0.4033019461643335,0.23253200735241691,0.6993999469215947,0.26492217236766197,0.5352458483714397,0.3263955824852936,0.6155636297990504,0.45096222544355374
0.10125052119274436,0.1838871788083815,0.81682745317938,0.44380437109548776,0.8264447880505156,0.3742072122104279,0.9650116805359015,0.9660035951539037,0.9726655794518497,0.9658380347280411,0.888506867622904,0.9135925747711933,0.9493314085157126,0.9534763577037229,0.28324671041381116,0.19259287493607855,0.1878206833809531,0.19319546639203045,0.4321762454754954,0.48859290001921174,0.48615072278099114,0.44711880753695854,0.894580698490452,0.8815831505370058,0.8082577232102945,0.927426413948533,0.20174401854149904,0.17309464126274193,0.45410613570913033,0.12253757842464902,0.6790963088822772,0.25803185024144465,0.7550952178670873,0.24361503742582252,0.6025078642867016,0.4224260684276447
0.1394991148117532,0.1289895983051922,0.8366782827236616,0.3994489584638762,0.8302117557850848,0.36236758891931975,0.9489100872447196,0.9573582712047015,0.9687870443931377,0.9628632750979031,0.8685231312346621,0.9097108985089601,0.9458703693567955,0.9435224467339659,0.28144954896951135,0.19452415039873863,0.20622829324665287,0.21348601127585856,0.45686012896387473,0.49081056661066846,0.5753522440242483,0.25465218574237003,0.9139736759451593,0.8927372218688933,0.7505771090434081,0.9108961948074143,0.1941420374850481,0.18119515165631606,0.2740450195222578,0.4386611394398058,0.674648663361697,0.24652522646135117,0.48434235665829983,0.3757350287266973,0.5933735393471059,0.42281287731473255
0.1322666570629939,0.16496455095809492,0.8433211944306728,0.3722599970425298,0.7540066751802311,0.46990694750425066,0.9547572783204292,0.9509944097299914,0.9564510673883608,0.9472872827512095,0.8337600233578211,0.9126434858900291,0.936764495833081,0.9466280056892784,0.28177015712017456,0.19550932752949762,0.2168694551218504,0.22107462783100187,0.42905044025769823,0.4854827182446862,0.49758737098321343,0.3474286442394292,0.8987722448183699,0.8802019410083659,0.7788532829511383,0.9175748871179539,0.2044784556147397,0.18965800089432588,0.5218954531769309,0.18102840951979976,0.664874594706744,0.22829193370108486,0.27503238588049794,0.49070003251316224,0.5699913472714234,0.4172826248096219
0.12059645874002811,0.18761479896531819,0.8187804062140459,0.37020410234315027,0.7704998375335579,0.40828599936266596,0.9405399194215132,0.9462498316695982,0.9512501185973088,0.9463122426888764,0.8245016265732308,0.910206301579562,0.9323717165008858,0.9380556120948519,0.2809325399152744,0.20198262540782186,0.22646975719754248,0.22999135944758597,0.44148760486412697,0.4887278508157064,0.48793167733434734,0.41164504926271905,0.9090149415667923,0.8959518672409718,0.7835647126327696,0.9182524593415249,0.17420175282432515,0.17523981402270244,0.416807141130274,0.2804981786043581,0.6302226543633125,0.2526450912501843,0.4690309066961126,0.37265854223098566,0.5430829531109174,0.41948039412114596
0.04594632865460979,0.21204498639724587,0.7382811919935115,0.41169869372047724,0.7741476012959065,0.35045128440967716,0.9304754158037668,0.9388555795425817,0.9471839396707868,0.9390407848897884,0.8134777351207845,0.9082870011238963,0.9272029836477143,0.925336916940501,0.2732044307510227,0.18785847484411552,0.21594989245508306,0.2238613653100948,0.40080279951706405,0.4673904298988355,0.5081258993679254,0.330473864646449,0.8862858962585576,0.8750067201861865,0.7556738595639151,0.8984912646618729,0.1410501242954148,0.20674650230553165,0.5540847403492807,0.20057504499087464,0.6192942213641415,0.24905829134584795,0.28472972021960474,0.48918444427845775,0.513332777820316,0.42814462837615014
0.09786247451134533,0.15999286297967868,0.7989798920359554,0.369859808028276,0.7520331013272664,0.34956131147053293,0.915604044080133,0.9296707196383776,0.9381720222652874,0.9365881459279175,0.8134628850967047,0.9029845504760967,0.9195710396002112,0.9160996532714982,0.27261007553572275,0.1883581813097384,0.2073979665902198,0.21335669811069435,0.38984257670641154,0.4605111563351364,0.5197721788126296,0.2567743916475679,0.8741764062007509,0.8630760207775171,0.7520290220302932,0.8957573602045469,0.17687473218079472,0.22793530541173518,0.33403984184335644,0.4293774181604658,0.6752168818904334,0.26271133377193817,0.4667327507133378,0.3277191336988032,0.5921019513711742,0.45342177299777353
0.13929204898622316,0.18683725693538739,0.8167068527583411,0.38110735243259664,0.7283644627127538,0.430535447652737,0.9272436467496963,0.9357004623111371,0.942758610993647,0.9384747058255722,0.8061595858716462,0.8989504275422907,0.9271098853366859,0.9182914330891656,0.27876270475679,0.19309572117311014,0.21758054104190466,0.22266202593741405,0.4181854813132695,0.4779498013888558,0.5168610924032717,0.30682199208103134,0.9014188062084874,0.8838429511464247,0.7991838131152337,0.8786031080796293,0.23402578126910759,0.20932283777901922,0.4358092089768833,0.1401025733415503,0.7109037069804601,0.24054987074173,0.5847471297959833,0.2808017985993577,0.6116329767877577,0.4452577723582323
0.19122524388140394,0.07404989745357332,0.7763338247006842,0.37903144920443266,0.7319536245926903,0.4431871270062764,0.9364711411159936,0.9434969025839012,0.9496607740677512,0.9420099035537317,0.8174438546524029,0.9019064131419698,0.9203286116440732,0.9349465885996641,0.27753892640832817,0.19368240423346125,0.20571800339584684,0.2135486078749897,0.4181051602700451,0.46430000339276223,0.5127361015775107,0.3469411197473645,0.8966530550152316,0.8843096982626035,0.8122599329512128,0.8914405899703242,0.23867295590133777,0.16092695378077249,0.264733021006219,0.3956113832894473,0.6940512999087818,0.23029270788856876,0.30008531367272173,0.5599172435780158,0.5884911382035554,0.42723708373727576
0.12143584737313196,0.1746739149303171,0.8048060695750434,0.3962636936694588,0.7384737114851339,0.4473037808272067,0.946548055397284,0.9488409080591991,0.9540654075529363,0.9462647840096553,0.8161333396789956,0.9013947710117599,0.933448758721654,0.9331113699360569,0.284261342867326,0.2061858759129604,0.21328020848622953,0.2229301765383715,0.4436932191400125,0.48911606998988827,0.5736851404141426,0.24397300586505455,0.9092231937123453,0.888546294097088,0.7744538500222251,0.9000513554060727,0.2140169571900962,0.1951744746696062,0.23798714368405213,0.4986108986853041,0.6714652488203071,0.23711110809645192,0.5914191013108467,0.36902481014612654,0.5756780022813146,0.4252771746640245
0.07609512661421391,0.22815756614013646,0.7614323187039693,0.3922210728682216,0.719306035953377,0.4465476553148212,0.9493923171572138,0.9461029720166652,0.9472297798174438,0.9380484170212853,0.804935710555686,0.901493643404933,0.9347983098451993,0.9386880807318116,0.2818617267454048,0.1986402252737808,0.21664219872867274,0.22027892891840728,0.41777767569656626,0.4835627787240543,0.49141488278593515,0.3965183167843585,0.896368727152421,0.8806615140969805,0.7812502977049467,0.906224771190359,0.22304990703703892,0.13161703714002593,0.5014730637436615,0.17930757365232916,0.6599575123975872,0.23786481900830742,0.25972199789298595,0.516049389382406,0.5482378149625162,0.42675114948874937
0.1887507431007719,0.06339679420854244,0.7770420375665967,0.35238265040486927,0.7353907877324416,0.4276734274967372,0.9477587703231314,0.9466264990904373,0.9463865021238806,0.9356152887424015,0.8054823160338822,0.8993541253713557,0.946258273930512,0.9250889244545125,0.2849672196985241,0.19940250687739727,0.21283954828755225,0.21529573884506428,0.427487850523182,0.4942353484756619,0.4231741883068871,0.5565884479779842,0.892066472379756,0.8861187533588342,0.7561578535884208,0.9443578814610926,0.12405561089051509,0.2513037190803622,0.2363640298184863,0.5219516348713009,0.6366627788688065,0.24280100352819584,0.41418826000762266,0.27063344364271935,0.5235963048760766,0.4303446562328177
0.1119485862935482,0.1473383363922608,0.7396684805661347,0.41576876741323743,0.735794265626565,0.4416555749979315,0.9557621658664459,0.9546647107109236,0.9490753504066699,0.9420484396113487,0.8119627350835652,0.9024176818280936,0.9468103031538033,0.9419341948010915,0.2898515089090743,0.21257206501199133,0.21727398004211224,0.22391726466735115,0.4303573028162197,0.5078814460669849,0.49786188847800966,0.4330393679396709,0.8905352792320996,0.8894328694850073,0.7485187295071293,0.932587381518483,0.09584797742321471,0.19534302414002636,0.4873724944189317,0.2899464655620002,0.6146495322041602,0.2447148095798798,0.40671150541930506,0.4098088041040078,0.5001526718971946,0.4460250659113216
0.14000608313311758,0.12721810176932602,0.8109532210785773,0.35813350132106386,0.7598005500370738,0.41149109218237534,0.957558060170353,0.9610659745766208,0.9578222511206176,0.9489095887322248,0.8362470036783902,0.9098663806138207,0.9579648765484335,0.941957165342882,0.28934740014352067,0.21963556003286364,0.21528334162189383,0.21933071304263096,0.44497331421199876,0.5068004798478455,0.48903595654579923,0.43902527367967975,0.8961640983718211,0.8884401561400265,0.760591334322133,0.9216413991743868,0.1801243048975738,0.17372564274038904,0.15115626453938963,0.448641377647683,0.6978243109935816,0.24857701440066926,0.3988206840891819,0.36478874385469917,0.5834503004916752,0.46877093520100166
0.12933119841475232,0.14466721326765958,0.7938167159250873,0.3589059250489777,0.7672266005652655,0.4054312450243497,0.9623099159842918,0.9585770248970974,0.9587670125575694,0.9472715171677422,0.8382626858975961,0.9102895629356218,0.9488959579407821,0.9574139300173854,0.2888096404258334,0.20715614539969746,0.20371226728945585,0.2077209159978743,0.42606677179795066,0.48036849926723546,0.5309669184986548,0.2910138741778172,0.8868602687684739,0.8759437332201261,0.8207050189787776,0.8833028133267466,0.18174220327211954,0.20423077382748245,0.39629075178535245,0.2301833163004926,0.6943249507386833,0.238671097609913,0.5198510421394272,0.2445418520850611,0.567226375537744,0.45779491396164
0.038027573596352116,0.25401803371212883,0.8014547135767851,0.38258568918702085,0.7591933582225092,0.43084519397512355,0.9590356231843038,0.9617423913554146,0.9633994885280222,0.9494772868560566,0.8464363939693103,0.9129369035606214,0.9612205909367104,0.9503695941093426,0.2909173971420429,0.2178301900434645,0.20503674081840173,0.2135165760007086,0.4393508506624166,0.5033529293380643,0.493913394303683,0.4040054376347837,0.8951321717419362,0.8931972425759269,0.7561344671631716,0.927620415094204,0.16195011562119854,0.1774099312683743,0.40226209727727663,0.24592395344899431,0.6735340596606865,0.2506088690513723,0.3889047476611508,0.35287813923408384,0.56140904991666,0.4508507349228843
0.11960411295499779,0.1305886510569773,0.7790218597382432,0.38042608938430955,0.7565945428397258,0.43708996603329336,0.9699680564893811,0.9630132411192925,0.9563002743900932,0.9466500602811063,0.8177305160797477,0.9061111386176169,0.9570569002657568,0.9624771997497492,0.2900124442906488,0.21380240876643414,0.22905317867703467,0.23283563366827204,0.4686597060339127,0.523730331989079,0.5159897734154939,0.4650811872956844,0.9132046040072868,0.901608730810798,0.7814954968912475,0.878596856458228,0.15019452373635123,0.15233904968617407,0.2997209917449212,0.24544808814033847,0.6573115350198135,0.23746991173874965,0.47426129523163024,0.35919048700757905,0.5435305797436254,0.4474365627469333
0.12913225208495815,0.16611008169791863,0.8062445504990101,0.3660918591565966,0.7858689954821515,0.2984879947026542,0.9598100944586847,0.9585260622909992,0.9521737615412955,0.9419483899652179,0.8135270879353207,0.9042617229850513,0.9630107285336281,0.9457707573344076,0.29389468229226023,0.2171454907167248,0.23582777260849985,0.23701353786295937,0.4711674087181107,0.5123796611529935,0.5414930715282352,0.37407048600956094,0.9078398245508568,0.8951957587175227,0.8046579967214255,0.8785109223143857,0.14320987672945745,0.12806883883478792,0.376102854774092,0.4663973847452646,0.6253327052002147,0.24623030436557086,0.48401341081757726,0.3207962970859279,0.5193256501105932,0.4599736935014359
0.06557004805096855,0.23041606638007311,0.7533030411041767,0.4206238119952037,0.7299589754618144,0.42345023627085454,0.953548850387262,0.9523958218371645,0.9443404470125287,0.9359143020449328,0.7964934256808007,0.8987608475431971,0.9545895126161106,0.9431540465832785,0.29681936692150707,0.2324161542321379,0.24368584547564914,0.24624097926247052,0.44998766337550455,0.5196678549775195,0.5582979893956425,0.3360768652067544,0.9039191092070482,0.9000273448347277,0.7634486698906731,0.9016180359164805,0.08968952639446415,0.16845025158868054,0.6126607981562968,0.07189678659943832,0.6010360366878129,0.24947755256731613,0.6023716451489113,0.1992450048051046,0.49434524579791933,0.46245571877698793
0.10176879910615139,0.1274589811092146,0.7668773568608362,0.3660052191717158,0.7671278712748335,0.31538457407974646,0.9488304639629686,0.9509457120722544,0.9402006693065422,0.9349301011690865,0.8039023486049064,0.8985599353621178,0.9546900458127645,0.9503904958714599,0.2947865496182365,0.23174176267280733,0.24303470705055488,0.24617011984593806,0.4480416388757249,0.5115339510165823,0.5175527886560696,0.3864034309218313,0.9009802347848226,0.8895976733038221,0.8126000547588903,0.8831185533196068,0.15344363735764438,0.19024360927496425,0.18371695637495494,0.4324459392831045,0.674225470337983,0.24516531059234298,0.49883019813350027,0.32064367515240283,0.5774024849224826,0.49127897071257715
0.175041812260447,0.11844660422293074,0.7680722179891659,0.4146845060992999,0.7858185464697817,0.3377212652660596,0.9521466643667778,0.9584549029838106,0.954262270829261,0.9424126566773287,0.8335147005040011,0.9082251082473365,0.9630055949650111,0.9452623979403825,0.28525818322337076,0.2016242442655338,0.21731230126432133,0.222105506400549,0.4288184714504991,0.4734398692705362,0.5346659619012417,0.2880364385109535,0.8860673974772557,0.8719824449280125,0.7843844220740812,0.9067229292870286,0.21758553975989772,0.18384030123828166,0.3808750552452329,0.24144107829882627,0.6860303531880525,0.25463049167995466,0.47358941492863843,0.3158721199948293,0.590957359777901,0.49495160811086386
0.09492905656973893,0.1816549936735718,0.7932230111766397,0.38416864083485097,0.7784265313054888,0.37397620276071825,0.9489332527888492,0.956274271720071,0.9584028907009792,0.9510220246273857,0.837924758566059,0.9119637457458871,0.9477594250297046,0.9643445802678348,0.2853357599710572,0.2026335376464952,0.22610577212457372,0.22809535044448717,0.4476456441078259,0.4932282709883665,0.5372035840849605,0.36429371732278293,0.9054976162192527,0.8854132241850957,0.7397165889604619,0.9656086643141439,0.20194534332212766,0.18425154683476186,0.3084215605339141,0.3696227335227781,0.7724474379766069,0.2784893447826803,0.24519279956344395,0.712394962045052,0.6702218533007585,0.5242975561050602
0.050970722904274235,0.19836630600358865,0.8224710731126449,0.45037088790862095,0.8685169239741863,0.4380839999513021,0.9723146209580034,0.987669546932579,0.979365108525608,0.9732397862857499,0.8352276083515259,0.9105464699642296,1.0,0.9814125541984196,0.2830069900957148,0.25498105271385657,0.2142464465669161,0.2263837073493802,0.4457061397344362,0.5121903946742956,0.48895922987885776,0.43394283531817995,0.9522524168898219,0.9497415287298796,0.8150547239907449,0.9408365643220347,0.148053641915375,0.1452707458522015,0.4578788612975909,0.3743236744914896,1.0,0.38997203204481456,0.6147223806340395,0.2582490583951721,0.8168216868813807,0.6042081627186743
0.010115677409272161,0.22461220034275933,0.8060055018832226,0.478772385896646,0.8691337402141517,0.5119234080090175,0.9911007237767526,1.0,0.9782015855803464,0.9680473410591072,0.8038941955971385,0.8985550019202354,0.990452427105772,0.9788648464739707,0.2795153829384096,0.2673684065755809,0.2506111567041267,0.2653248684869457,0.5040807052964482,0.5796360861811333,0.5189951962102273,0.4620838528250654,1.0,1.0,0.8253997784639466,0.9542615376190933,0.09823782238466122,0.10239115501324741,0.4031822721966172,0.44933988299919897,0.9290699930638993,0.3940482064414511,0.5572462982655922,0.4042657389089684,0.8193589490428039,0.6269532544083543
0.04373461634756792,0.1478646529610399,0.8334931382102826,0.4570314823368651,0.9069246490801941,0.4735024373549266,0.9623280067194189,0.9900579628530121,0.9920557362270274,0.9935665626277059,0.8740854262144586,0.9271716303664442,0.9968934172814521,0.9555131397414223,0.2723645343527034,0.22221775647782857,0.1724642319841299,0.18418716953551606,0.41553804064167643,0.4820791685493081,0.4890518189122363,0.40077934015541955,0.9392728831807071,0.9579474024628819,0.7967498878166257,0.9673362880593319,0.061841110895072215,0.11024177628291443,0.43128142369830774,0.3439508132779117,0.9520232291523472,0.41804720214966057,0.4918842897363053,0.35192608426054606,0.7992875435912308,0.648855522536167
0.03462568707653452,0.08594934979010044,0.8743506836384963,0.426976826258283,0.8842527740699131,0.4698776695537992,0.9678211009375302,0.9950057771686266,0.9996147465674405,1.0,0.8872034391441284,0.9332630192016544,0.9826006514035047,0.9534240842957558,0.2644073384837773,0.19921561836492727,0.17021025053136785,0.18086223906352034,0.40543228895153194,0.478028477423565,0.4569130308989392,0.45773657527475997,0.9320235144918264,0.947815729766087,0.762427907013895,0.9988160977249778,0.036639251739248424,0.11241107814683793,0.3190648151495833,0.4189479654288981,0.7954583722475561,0.3762660232692159,0.3483700240775185,0.4440064043415891,0.6973710065499465,0.6287619023219293
0.030083461754802587,0.10313121519732038,0.8191029958163857,0.4047328856703659,0.7970967367900434,0.5182038080823393,0.9518575009647485,0.9747468446733838,0.9862495167747969,0.9869313933149997,0.8653465742592275,0.9233052072826284,0.9610336413506556,0.951035410229746,0.26800847394947974,0.19188513948976718,0.17421797440569148,0.18077914725107597,0.37405067441989726,0.4315914256835392,0.4444404556788245,0.352655110293486,0.894305711045933,0.8953729580501013,0.8304837830638961,0.894753554021784,0.17254620291728484,0.15490365676591233,0.31617803331232275,0.44662867742453743,0.8065629416194338,0.36092597329722786,0.5518987699497189,0.37956989262170965,0.7260008393633051,0.6147984717511388
0.12336974177879317,0.10368570225301726,0.8318210286935954,0.36698813939808883,0.8508034945674978,0.3246065795199294,0.9252380695618431,0.9511209770860936,0.9856555320762239,0.9835569678976799,0.8784466451496005,0.9308914422273673,0.9215738414016168,0.929881689546523,0.24872797955692177,0.13993471341672614,0.1430919485496075,0.1413271995655228,0.30661587555033387,0.36350761249225855,0.4224497710163857,0.26541917705153456,0.8367528575908945,0.8352272939524482,0.7601930335125326,0.9637626829131771,0.23484076022093994,0.1572082505257743,0.23321556184373465,0.45541419395616295,0.7621052575176721,0.3556225674070741,0.5619630492916153,0.3223963495513057,0.6666649655466317,0.5713344340420528
0.1317621214995851,0.09686881432081829,0.899469955448458,0.33157364761068936,0.8178020401745456,0.39320584432447714,0.9021862704247441,0.9360682577703918,0.9836966634987147,0.977659266410662,0.8534858273096491,0.9207662436006361,0.9377569048186317,0.9125486065448765,0.26888860638808754,0.19003510904218934,0.19897453470806753,0.19945169032367827,0.37831708625618266,0.418644838449859,0.4291884006478208,0.36361715000161937,0.8729702964886783,0.8631753686053415,0.794386964559263,0.9178933424700668,0.24230679228826535,0.14018084522412788,0.6225436748201493,0.3043346348507671,0.7182795563832494,0.311559422991126,0.5159317542053521,0.47949580324084584,0.6221032748422948,0.5272277966811467
0.18884884340456526,0.030590401562324676,0.8504189921829082,0.35408771499722075,0.8222541828066126,0.33090411147644566,0.8743821209025702,0.9156422976659208,0.9718879113736907,0.9649693485048652,0.8353173249684765,0.9183980910980452,0.9142866527821205,0.8993908787444268,0.26646686599962777,0.18714222940141792,0.21289823417695458,0.21419523197503584,0.3649440585954874,0.4166294986384927,0.43277791784099584,0.3494912287226203,0.8637127611585427,0.855856939925802,0.8043558476534101,0.8897075946492684,0.21517429517870254,0.19019321396966665,0.2828828948122741,0.5779812760483439,0.6639674899748398,0.3254529007262972,0.4557450396313099,0.5018625892940731,0.5788375202378514,0.5159466655129021
0.1341894136110789,0.07931790541045991,0.8015486073921223,0.37048944537507533,0.766809537851551,0.3904717128550405,0.8505742602067585,0.9042125446828911,0.9651507483189414,0.9626912868956767,0.8342817210188648,0.9193763878870469,0.8912315065639542,0.8822226546698382,0.2596850002528365,0.17298294855959057,0.20164414316773277,0.20426826803483616,0.3521392394616315,0.40215740142794787,0.4157792673880648,0.35127377550292815,0.8493323023787298,0.8441400639149592,0.7770591141060975,0.8892644721110479,0.20005377874301997,0.18856681571135803,0.4159125260541391,0.4816403074555334,0.6236722431750183,0.3092038129901019,0.5625078820565951,0.34471143005049026,0.5340816633546939,0.5004703767641967
0.08010161643220204,0.11128914594222761,0.7721713610412853,0.330781099202815,0.7403291684864177,0.368406728802204,0.8046262731050189,0.8771073437546973,0.9428177767716499,0.9468338013339515,0.8237161540758156,0.9091148039013022,0.8366849206422663,0.8403896380676963,0.24801695421542747,0.148711996195789,0.19009312588246297,0.19783893368043975,0.32369176200389915,0.38249022989174974,0.4019561400638857,0.3737615681396361,0.8166813375741093,0.8250223684662661,0.7386267315203462,0.8711315983888058,0.1920852124617542,0.20767934521248765,0.3988610367466989,0.5522713409664916,0.5822444563432989,0.32364717926114905,0.6115882434870542,0.3176288309064682,0.4711498289233691,0.47750576659205807
0.09631650029356636,0.11505056728199137,0.7678425747931351,0.3120766894209365,0.6915511623773132,0.3953161999406387,0.7813731515322903,0.8605993983273597,0.9319580851288365,0.9384112871333075,0.8281569816142416,0.9058475997861015,0.8112732835176335,0.8163506098435872,0.24797500947251572,0.15688348279674075,0.20230739431623296,0.21069906421166698,0.3492317252313716,0.39923623749392023,0.43614823741043474,0.2873945890488434,0.816605599475629,0.818481178837879,0.7765101857706992,0.8478640648106994,0.20635979641765786,0.19578388998302393,0.45178895235982874,0.39513135851702186,0.5818353999591982,0.33769957810766404,0.6771288692038531,0.446326573783546,0.5059800679433868,0.4981122903247797
0.07352819311858039,0.17739344621084135,0.7072646102383554,0.376421411588081,0.7378468391169226,0.3152218064528844,0.785392546520947,0.8663369250164814,0.9396780194481364,0.9417230631036162,0.8570066587035164,0.914547961069989,0.8136138355114273,0.7940505723065648,0.2526272536980826,0.17198417475817798,0.21002655569625256,0.2194353092625638,0.37067416905808176,0.41792154970753087,0.43419070874102983,0.35870239024327855,0.8200392506062576,0.823375439187134,0.7853771152140113,0.8433702820350442,0.289000269495709,0.1885181497161329,0.6521519177110051,0.3231884471474866,0.6324950458077166,0.313230067155329,0.6559686775870007,0.4782670191763124,0.5389543847555518,0.4949903535168552
0.11660506466227183,0.08738615468709199,0.7463103362104029,0.3389682396800619,0.7135992421570885,0.3999602524544747,0.7718822188633481,0.8568676937125084,0.9402847231962956,0.9404017554333566,0.8628487954282831,0.9132916470837196,0.7913154162795668,0.7860421526636538,0.2529458277596358,0.16184665578003493,0.2084988066518404,0.21438660240342677,0.3601683684476846,0.4204787111858705,0.44141684039570495,0.33736200782108144,0.8128715326294148,0.8159773313251801,0.726672877437059,0.8815923295952769,0.27196713092593683,0.21286627910469197,0.4781294287055657,0.5046637920840322,0.5955503133744722,0.31931236720299416,0.4641848038790637,0.5394836581443353,0.4843219071908294,0.46604046674848415
0.18081153232986683,0.01324317313641693,0.6372553985188792,0.3328722484063441,0.6796703619869128,0.39261305292621096,0.727628734072568,0.8339974762869736,0.9309049692695726,0.9268455038387637,0.8534608880076572,0.9057882772031121,0.74780084664553,0.7098596596691947,0.2534384452683719,0.1684085134152063,0.21697902312294992,0.22444897112802892,0.3699809870145284,0.43298091145921813,0.47896783806701604,0.23418134701649995,0.8072357753372322,0.8092935398121471,0.7474607188241021,0.8792875280123971,0.2762575375885557,0.20421627679386561,0.3777290227757619,0.4894489741965258,0.5572460196188345,0.31163785740112193,0.6097911737198523,0.5804393990181212,0.46108199320507925,0.4390238817486258
0.028798469931323845,0.22140249064926742,0.5186520754065662,0.3535725138386303,0.5816940525852721,0.48660725924039255,0.6425786283917357,0.7831970486812747,0.9169047671739154,0.9103330493827175,0.8187480812666361,0.8823894308881479,0.6697986481800029,0.6244949042072414,0.2576355099983961,0.16562708785788188,0.2218930505069751,0.2286931143977655,0.3610376138560306,0.4229666481048783,0.4423696918184693,0.28599359041799555,0.780472626123021,0.7852327064983656,0.7954922119414678,0.8144363895123012,0.26917061554305954,0.1912022387366154,0.4254290112533861,0.724375239877656,0.5169308944631048,0.3088349923013384,0.7301695990527188,0.3637639839242369,0.42638267223425075,0.4336136325838625
0.07952528909487372,0.11021457291202758,0.5642661995763587,0.3081177956616101,0.6158419596340214,0.41172525700072393,0.6410070766877882,0.7775753546669925,0.9235890356879062,0.9125539732684479,0.8236048872906818,0.8591392103121303,0.6688880087229556,0.6202512779060351,0.2585611954626045,0.17410592657906082,0.21673965002834233,0.22393326263003727,0.3636223987559991,0.43161087894876354,0.4679761036980491,0.28068521693518533,0.7716047657030465,0.7863458769569538,0.7478429296252933,0.8785706611311557,0.24674143623887237,0.17932607854821342,0.6420249517114293,0.41073188646811504,0.4926524185344721,0.29121812584688966,0.5588979649589259,0.5264333756921475,0.39228898692714365,0.4340874824526161
0.10558275572166076,0.047842697525965316,0.5315041478166435,0.30045718423839674,0.5788706573441423,0.41429854784174647,0.6305095259930011,0.7682548512155281,0.916531208208129,0.9053121234866228,0.8112236112439875,0.8412055073543845,0.6434187274946754,0.608960966504294,0.2566525621818463,0.1807218237316581,0.22834382761303224,0.2412401127138574,0.35036724240742034,0.4314223817294663,0.4148171860837867,0.3418835323480276,0.7604067467980691,0.7759655991269335,0.7488574534567033,0.831626002772285,0.21289965305334033,0.238486449562345,0.5125737591384293,0.45932220663049306,0.4600140357033168,0.29281743655980574,0.22135857045765459,0.8024577191825921,0.34482945950280464,0.41763735503942273
0.14209292516051836,0.0,0.5714550580582917,0.25204867995149666,0.5669395040181344,0.42832095124662584,0.6163714577252845,0.7471740911258185,0.9151544586357444,0.8975238593398647,0.7863845500266079,0.7781807022391078,0.6015590195598124,0.555871984689917,0.21887819276876502,0.1729851821063589,0.21073569539062542,0.25018978891489263,0.28420129183478815,0.31932543338940667,0.3424556037209086,0.2521516967416555,0.681980023986101,0.7121401624526803,0.6332192975105619,0.7026672412984782,0.45247962771447686,0.42731244069677576,0.6219016566478609,0.452239950033806,0.5337574562803016,0.33682897199824813,0.668907455265693,0.41509092513670265,0.353641327540597,0.34236087564133455
0.24829129907537675,0.1446775715776603,0.40694811410247267,0.1781950927869717,0.16540730492467726,0.047351922533089286,0.3983337577510783,0.5821692969626748,0.754978835084463,0.7051175994982611,0.4644099137590744,0.5264382688926657,0.4958414197005322,0.4305892973448263,0.1664588029275048,0.16656615375957012,0.1908776036133728,0.2357149165050838,0.018348604271524183,0.02032570470506645,0.06432603836679751,0.06470254222975758,0.3865482466325051,0.47539032603475173,0.416469230831478,0.4743926648086094,0.7672879489237258,0.7359866164701474,0.6131408957407554,0.4468606304415128,0.48493409123810716,0.3092292507101784,0.2449355729619683,0.8091461370676395,0.27308377772954406,0.24414863706536635
0.24077058029071993,0.1391464387142186,0.40901831390387533,0.23420751695294645,0.3826270233709236,0.18614557294603168,0.47789187865576144,0.6126206533690327,0.9052945080000991,0.8340040978726921,0.6342854092257707,0.5497080487724286,0.4498070072040393,0.40939076390650786,0.08583888906731824,0.13883416740747462,0.0960747982256932,0.17877162521569906,0.2494013751870926,0.25435280657374715,0.17345797822194575,0.24356970310335732,0.4546597019259907,0.5213762723793135,0.5382088082188885,0.5911006420015246,0.6007813031160252,0.42647318611933005,0.6377445594486114,0.5789594560069391,0.4622123543964813,0.2502359160552242,0.6543914313039922,0.5770823763149495,0.28342297503544744,0.3042490301716832
0.20162586107562613,0.07732687629622681,0.4065850383376397,0.19540909870473555,0.26952152711880895,0.1236827129802957,0.41916748698942186,0.5430430154010317,0.8564156755639525,0.7727010326950164,0.47840030575563364,0.41998296231313087,0.3642722588926212,0.3224958835437159,0.15311068352066565,0.1899186567975774,0.1767818954303545,0.22731970391089557,0.0743478305342295,0.08740012278378922,0.0827231370972058,0.07025624129121061,0.35367788631317765,0.43240996263956333,0.4426310840731045,0.4809678294745244,0.7175783919481327,0.5659566395547201,1.0,0.339466960523034,0.45340745645938846,0.2625401209547902,0.5046630088202567,0.7286406363456659,0.24483685548610915,0.23844401293078238
0.2602289555167799,0.14768910646281075,0.3048873149799369,0.14789386894565143,0.21991686223749418,0.1636954093396611,0.3943731003373613,0.5298068195028114,0.8505622176678176,0.7666520279069732,0.5066309674550911,0.47920951521884936,0.32459904685392416,0.28064826379113605,0.1084142175378574,0.14353949162246465,0.12478504269479307,0.18804017210078922,0.11728108157232259,0.13072507295583013,0.09822284712417284,0.1468148500710772,0.36671065184226515,0.44428645570039066,0.4620189855272846,0.540885892205662,0.6440366328265432,0.4965779554027974,0.7936669542587409,0.32966240782842793,0.4284456552344862,0.23633944653593703,0.47993410087591004,0.7142566011812068,0.22910934162738622,0.2531011983595704
0.17934546753701547,0.0965587003157603,0.3660659448144242,0.15383834197358387,0.2754427041132899,0.2084698648600214,0.3948434580694963,0.5368708161324354,0.8746967449657888,0.7966325681779249,0.5197333801099596,0.4882657012681805,0.3246556751518692,0.2789718966961908,0.11121274660843494,0.13857659507748848,0.12689220055144312,0.18642981444154383,0.08696313250747056,0.12382483104148856,0.06948346559968221,0.1813114643607921,0.35829355792391404,0.44500792643827436,0.46060877006224044,0.5285563075391049,0.601564198445451,0.5420113841166359,0.3170003809690478,0.7282489907636975,0.41116387942735133,0.2507876993143935,0.6744590329915559,0.5180809155850805,0.2011015417590377,0.2416233413882805
0.2492561633829698,0.08809519703856689,0.2868954237352221,0.18500672876416763,0.21111628803708138,0.13115380933612591,0.3697611600887694,0.5174809911229589,0.839357068870105,0.761951411085342,0.4908346261287726,0.4671297675850983,0.31235305868334723,0.2520368538934779,0.10241724891151888,0.12638994764737194,0.11503285350993764,0.1755580111614089,0.07648930868525827,0.09219726081874985,0.08495096028783644,0.0802263500379381,0.3439621712097187,0.43113384636416535,0.4255162227668535,0.5359572606684094,0.714063229474587,0.5448365816280085,0.5881043009813253,0.6164503973542587,0.4852100372305916,0.2578495978676314,0.34920166023212557,0.8442738660075586,0.2894800703817998,0.25068744242466273
0.23351682389442976,0.15969436259898062,0.28372492244738395,0.20827906432426047,0.23309739044533018,0.1263070728484333,0.3738308255217868,0.5180486284082516,0.8505580020968793,0.7672831616316361,0.49711240967120623,0.47350988406508754,0.2964179356172312,0.23307990428679903,0.09059316057563077,0.11634582866458659,0.10921863164085877,0.17060258447905624,0.07845503317185337,0.08601713455229504,0.06746342855046927,0.09701319439622269,0.3506323307980531,0.4345294670920591,0.4343759964626067,0.5221736674233318,0.7456641661003987,0.5365013198085833,0.7743066589250605,0.3706114019465046,0.4805807468191029,0.227719748892742,0.7660437707773775,0.3717206464140468,0.2843416564594169,0.23564001766701131
0.2309820133505365,0.18898937173176716,0.29419117817125645,0.1448890231486198,0.17968468664806192,0.15553666713689274,0.35857396361795135,0.5049691770530151,0.8388753334999133,0.7584813549255883,0.4783637208345676,0.45720954709431927,0.2748663512619305,0.22902858900372347,0.07005001851775378,0.08930620170674697,0.07561998294970396,0.139966380914467,0.048453011344178454,0.04314253649228744,0.018299521484900105,0.132048073616861,0.3080445121439301,0.4034294131518906,0.4463519380728358,0.4817778227343982,0.7358709779599242,0.5328533872235727,0.4205269857128911,0.7978795518540033,0.47713554563346783,0.22548734776470303,0.6540979577298718,0.5211259278483917,0.2772037359685094,0.20962420608338772
0.2807195639887803,0.17055670533895245,0.3139897926972987,0.16508327303355524,0.2335086597886319,0.1014982431290481,0.38227073870371203,0.5189076704893816,0.8588554653723124,0.7682773699541258,0.4959605604412823,0.46427648779267094,0.313853129195039,0.26149451585212574,0.0696801911492646,0.0891029634447672,0.07062037163219348,0.1412329601199836,0.07543711364185285,0.0849812667438099,0.05615188841641461,0.15025424191989384,0.3640490212063813,0.4432378055416266,0.4915441357927315,0.5323758544830479,0.6753111617560108,0.5025666252575496,0.4900529079075357,0.7357823839648663,0.45462628632595264,0.20685458828626135,0.5322759717723513,0.5853527078613715,0.2569165798027771,0.1927979267386023
0.25477613496787077,0.19661422639851536,0.40304847362779717,0.14799830872456476,0.2907690998388539,0.1366994700608009,0.4283662626293415,0.5564636877124087,0.8941206773050506,0.8128749303108236,0.5484255441822224,0.4891665255665716,0.3712586502826488,0.326852244435532,0.06271464720682757,0.07951052418084614,0.05136294450082929,0.125720481769672,0.14360376246104084,0.15525764339033926,0.1061659700649169,0.19807110245249115,0.4257334353979932,0.49993564881961844,0.5029485412814904,0.6079017583131637,0.5861883604557747,0.40395700897557874,0.44826859528738344,0.5930567611585806,0.39868655464423086,0.19581057382773148,0.4364147689733995,0.6470864458452236,0.2203106344915775,0.15458810244147453
0.2552290665253759,0.13876119792948,0.43155413212934335,0.18798704357784157,0.3097536957405393,0.0996484794289566,0.4380443566676688,0.5652662478654585,0.8986178076241942,0.8188952580450459,0.5443240475136472,0.485015605495265,0.3730177321845304,0.3342213717007657,0.06366941349797056,0.0663168627145288,0.049248040883661026,0.11748503824260365,0.12529993415453983,0.1268095313853141,0.11083893675044376,0.13410761460648501,0.4141639252500917,0.4919826950974956,0.5390362899809528,0.5692105719842887,0.5599188644037751,0.37704537220359613,0.7468978716706403,0.5217768207841397,0.37024597935177606,0.17437562358807684,0.1267866003295272,1.0,0.18746318573168935,0.12897569798913305
0.2431747944373832,0.13166122707244482,0.42186293457739266,0.1802432362499395,0.2985269808069379,0.15981576712295975,0.4413761086392981,0.5702571630957884,0.8997296530381653,0.8226558546200275,0.5534268452454929,0.48825655618876534,0.3755780424625291,0.3468418948854609,0.0645965646165017,0.06571614558228872,0.0528981219967985,0.1171507671861009,0.13036340297886634,0.13699166936662172,0.08994216984846315,0.1967175714366215,0.4155645065376652,0.4959804917131966,0.508659072259203,0.6189553402684279,0.5858591828137464,0.43499764855778794,0.6428623283888796,0.5463973867874687,0.4278457521900154,0.16956044018965977,0.4167217185808622,0.6554430492260177,0.27028857608942486,0.13580156795317277
0.27619534029478465,0.13467923419565708,0.42273853332824307,0.1581260010294288,0.2848921951838536,0.14364039973946469,0.4211246823677317,0.5562118870631438,0.8858239935029298,0.8015293489513458,0.536516062469539,0.47707832648947873,0.35185875473511874,0.2932445689128662,0.07843515474264806,0.08154066093005152,0.07000585931400638,0.13310347385484345,0.11026831025040867,0.119752854833095,0.10413380583433607,0.12909172993006224,0.4112371778011077,0.4884995007517624,0.5087429867868052,0.5965656064706492,0.6387884256179627,0.48156725269292017,0.7870685774494595,0.41735949621797114,0.444176563202646,0.15168157477430733,0.43291279299819024,0.7823309965242857,0.3008540309555551,0.118435676163127
0.3015182567069802,0.13540747317860985,0.3587383670920746,0.176577483027053,0.24766261496869912,0.13647792036779544,0.39400688207818974,0.5324568149597408,0.8653353462556226,0.7818163576607873,0.5166045466950856,0.4656321966401158,0.30042729790059763,0.2587426334507017,0.06951445460299721,0.06222672401578694,0.061457564840899204,0.12113115280942588,0.06889167350641312,0.07431591910425578,0.05977659160406523,0.14175436319328427,0.3851204864601224,0.4645126974012179,0.5255110814480421,0.5602311338058771,0.6902029144026527,0.4841194471091097,0.3439951467434828,0.8377020202745661,0.4456107554905185,0.16317997598565498,0.672826595144711,0.6327464589229184,0.2923527544237751,0.10466710869257118
0.2980250613033596,0.12835758089670884,0.3158974991994717,0.12559046292447912,0.23887588258906833,0.0,0.38012736026627353,0.5195361367446387,0.8471377528121475,0.7576740397266227,0.4946116357655702,0.4550407499820299,0.27583305119401164,0.2297176702288517,0.05441571096229031,0.04417745625895031,0.061552960574269344,0.12500827968123412,0.04264977499102196,0.03384151284182102,0.027192636259944614,0.12800270671737435,0.3566419676541025,0.44174396042906394,0.4203486030218454,0.5780473337411289,0.7313948573676001,0.5331585667913328,0.7053504393021691,0.45867269147879686,0.4546371191729986,0.14581003295713313,0.3277621029057056,0.8256529404947774,0.26390396901835755,0.07718321404703554
0.2677535621560191,0.20470817104952954,0.2565899024921451,0.18603665281869747,0.15720888626059004,0.10410640454216119,0.36105673813519057,0.5061432806408808,0.8359729208946198,0.7414427050415627,0.4912080212923607,0.4457941184611699,0.255122473227583,0.19112062315516853,0.04101978764709269,0.028620332148137972,0.04668627024677785,0.1141918017887632,0.009807448862363732,0.0,0.02526613561886759,0.0524208100903395,0.3152276234556385,0.4105328931169892,0.4281272317624497,0.5558510195721731,0.7120581014447129,0.5777395227707056,0.41913411645646864,0.8578716508650197,0.4352447251183189,0.16169923675156206,0.6334566783120754,0.5601830387507826,0.23874876377390022,0.05820450689200829
0.2584836814145419,0.20004382376596314,0.2991317240014995,0.14464915278669516,0.1672090827376922,0.13827520047431346,0.3745713322887907,0.5138668433832432,0.842008997029486,0.7499811933813475,0.4988460772048586,0.4504908472769488,0.2524260770557678,0.19907742736659018,0.03855649144075668,0.027353611239923636,0.04816172201015617,0.11905762401991798,0.0,0.007235750936109175,0.00782574270136982,0.08581015569579531,0.31557387082790694,0.4116065091321866,0.431643142660108,0.5485653651737836,0.6901589141523232,0.5623974107459513,0.8768023317735272,0.7746708067929555,0.42558311045110664,0.1629025381141177,0.31921961056092407,0.7640711615781188,0.21575913722940612,0.046449446992065824
0.3411906322853858,0.026213039084010625,0.35868156665585416,0.07656525023180416,0.16612358091255186,0.1400208283452914,0.3855923744441663,0.5218462487793255,0.8465703237687615,0.7568187577163991,0.5062825476616891,0.4556363564964052,0.25610417388422224,0.20966520234237807,0.04949879985739142,0.03843550608637408,0.058999925480399396,0.12741378044848822,0.021358452807325512,0.010104677901624837,0.0,0.14153782963360667,0.3242380951808841,0.41669869094193446,0.4117302833468003,0.5665647990836117,0.7530669305440065,0.5487164962643538,0.5072506403571906,0.7514353124840976,0.50058274297665,0.1641568080695966,0.226502795699171,0.8986517338829799,0.30242366750150596,0.05420705551227584
0.34329051434505337,0.05841055924639171,0.3327613451753747,0.115671164551306,0.18738139796682385,0.147203275623016,0.40028903353539336,0.5301765258926973,0.8591144388588349,0.765047472729875,0.5284931498386917,0.4667078823909994,0.27056073278284687,0.2178280035541159,0.0525530976359439,0.04295707191925813,0.06464973053724882,0.12931897070530474,0.034464530053779474,0.02997308001845711,0.03741262239686982,0.11274132204210269,0.35474325360292563,0.43367305328749634,0.4849623920540062,0.5757242478595783,0.7886891982215982,0.5182850732523344,0.8127882366032488,0.497595833239156,0.5152409367812337,0.1461439527067097,0.31502678728667843,0.7940616370245983,0.3176220262586588,0.026877835091200564
0.252754735454113,0.19802826184011735,0.3534760468111006,0.13781836066803865,0.20113953601433388,0.20757136299965118,0.40484351892707854,0.5300211365719529,0.8720559535427262,0.7726663343752205,0.5403195150709339,0.46850274225208166,0.2678585496938403,0.22250729947734804,0.04275919103183157,0.028727366923044284,0.05506259166109717,0.11874249353201433,0.04180324289697668,0.023085782354310247,0.03429920970805311,0.10412764771183747,0.35756729872076903,0.43273785650718144,0.465617116597141,0.5720867734918518,0.747408588870175,0.5399180231780477,0.7205587421609666,0.4247621648928652,0.5020523779316182,0.13837247749466375,0.36466362396750285,0.7147562676628403,0.31234978722920315,0.012926221584930897
0.31276573633152227,0.12248264190544128,0.36656750951167805,0.11120941404066331,0.24008948862844104,0.11604015501986709,0.4014887391946462,0.5279527611201337,0.8796829037199423,0.7783835387100839,0.5458363840056781,0.46237041110010857,0.26062960191815415,0.2141351663187248,0.03468164717238542,0.023003702185436237,0.04786573536256661,0.1144587466626048,0.04560444008809639,0.0217611754907292,0.03238956940680282,0.09447276238391428,0.3618989111374257,0.4368261557002076,0.442782537456557,0.5905278259639631,0.7647557668170967,0.5038775323192278,0.6937779805455185,0.5646915453825402,0.49312748260167893,0.1179771601400233,0.3968099112890506,0.7495294552404994,0.299141227381177,0.003994400775587714
0.26176108900168027,0.14267799057408775,0.33714180893830775,0.0964339289352758,0.24495750522513215,0.12394877280380784,0.39097587815878243,0.5191180299452796,0.8796121690476844,0.7764490468390904,0.546749845474101,0.4528832435574819,0.24105811448772696,0.18549423123228453,0.024010014142148095,0.012062332664072417,0.03237868628454427,0.10087919108952387,0.03463332081653814,0.007166608544228348,0.03423206835742265,0.06448758203570071,0.3519448847040385,0.4311296339891483,0.42300336532273713,0.5931148507479492,0.7371398249184408,0.473569410744595,0.5648232255200822,0.5872151076785594,0.47093809915146523,0.10876353562124574,0.35439685830696566,0.8535353687071099,0.2783771549745587,0.0
0.27406787220695356,0.10791239479650416,0.26546090775631076,0.08442884451294741,0.24573126566044223,0.08468958692153461,0.36999507821765143,0.5011606156833428,0.8806047509524197,0.7732876763879282,0.5445413234624292,0.4100876870504239,0.2167471567179789,0.15635301869190332,0.012096530433459263,0.004536620547022918,0.017854939630506494,0.09179524572451664,0.03611789125864018,0.01073700744971584,0.04166333689532287,0.055707919609900736,0.36022667519065205,0.4404492674795569,0.41966479237856796,0.5879431788587554,0.67950970287371,0.4805694270876703,0.47055097283274966,0.8853465181791641,0.4440513713951124,0.08184773238072829,0.41109419751289267,0.8449445562131416,0.2893687355571611,0.028949175342338984
0.2106843967076916,0.18041170551400393,0.20810204571363178,0.09757243920023473,0.18218794379767544,0.18114295600221147,0.3420137153541531,0.4715467955504383,0.8836671512483563,0.767693012555586,0.5204276634118673,0.3516446709680119,0.18747045266518259,0.1335819525517007,0.0,0.003480738971928743,0.0,0.08156423878393848,0.044543230719925275,0.008008511863642043,0.0586215152617765,0.0,0.3626557685313614,0.44275137157706035,0.463739562093322,0.579841027529043,0.7686539917974025,0.4568458489196231,0.9975980373257654,0.24899090695202808,0.4991556274232637,0.07439616823763806,0.5493539715396907,0.5407048040862685,0.3628348568319687,0.026135930971891597
0.3179835988795996,0.10401015678686992,0.1686525377169164,0.04437687555821668,0.13708487886954956,0.07318218764241291,0.28731935833012767,0.43506520808825266,0.865610052408126,0.748249107448985,0.48752897644367676,0.3258886358083065,0.14054473524295508,0.08346975289538511,0.009434267748274161,0.0,0.0056654925574609605,0.08146776772099212,0.03524688174889268,0.005027022135398407,0.036989000900254254,0.07878022462110956,0.36127958463367593,0.44038505828224883,0.5020509670947495,0.5509530600765677,0.7846450605185474,0.43304615097047455,0.9793089533351562,0.2507836137925783,0.5114381219782993,0.04239655554980459,0.5487129138757473,0.6630642107946837,0.35825008174652195,0.014222694979897477
0.29704266748323715,0.10227645532715468,0.11862422803283529,0.019883889528138243,0.09071549107003729,0.09942309119251491,0.2548703734032144,0.4094509169228438,0.8535489351171791,0.7341725556593071,0.47836740595717364,0.3287921635980513,0.12550921080154664,0.06653905684105788,0.012457205675577177,0.011451678642817986,0.004094422317439006,0.08006630452399133,0.04487033537725171,0.00506302956856064,0.04016081379644143,0.05145022993802595,0.36546356308624095,0.4411106071076432,0.4933045340466738,0.5643286445369442,0.7283266411154573,0.5058117862356938,0.5615720376131094,0.8370906057715767,0.5171092743955142,0.051617775220876405,0.36192045627969205,0.708337986039018,0.3617497521799389,0.013204332766523996
0.31751500921626286,0.07200964876761967,0.08672908712570648,0.06951416846600034,0.13274857576799015,0.03990140334718162,0.24877779702400749,0.4069352134883179,0.8539857643418003,0.7354271059774684,0.477331680428245,0.3323597167149042,0.12713555090154638,0.06098593711988459,0.03095060287511453,0.02796846279671278,0.02335035564391036,0.09696845721398273,0.056977346688460107,0.02816361351647778,0.06788074962049695,0.05066141763187787,0.38666492487857806,0.4535271508596991,0.4892996088046463,0.6166468249534102,0.6980139643794067,0.4533086457524735,0.2728923077715298,0.9999999999999999,0.5045334513543925,0.06815435803662984,0.5644371330470157,0.715099595621106,0.349473428736022,0.023068671643271144
0.2717431181216138,0.12143959254696013,0.1448299638062514,0.032992331506347616,0.14846437897972498,0.017551758790932293,0.2530569077947332,0.41535910233888124,0.8588915981251365,0.7480431879108519,0.5012604455151977,0.34361819939903426,0.15100648591658372,0.08148035058697611,0.04818798747995956,0.05053902464104937,0.036195863819431906,0.10921571864784063,0.07869185455786587,0.05158261611062426,0.0658337209209845,0.1208330170895196,0.40189577843700275,0.4701759104382909,0.4867450780464523,0.6264161337771832,0.6371349653953191,0.4796718471059785,0.8642506116102227,0.5113082813711369,0.4962767192338523,0.06080272497824757,0.35970608674986937,0.8500095684338572,0.32441419026661306,0.021471680077092214
0.2030319061636371,0.1767410849659219,0.07628730297604314,0.030700978493529485,0.13926105082315476,0.09289974311382809,0.21238062241647496,0.38259666843941376,0.8560954740194007,0.7468113019284928,0.472103011261238,0.34427442522033697,0.11373625824090017,0.05243566107635389,0.05142511074884004,0.052142695139604345,0.039124137845767015,0.10970949903511729,0.07356655039417803,0.06802222085726373,0.05097659279454003,0.18384856093399843,0.41167396819435287,0.4767900740985779,0.5142798009577436,0.607610735760614,0.6325724633885659,0.43636420905479584,0.6436334295719269,0.4881884775598946,0.4767689576842847,0.07857602025009924,0.3669263112946076,0.8654295106071868,0.33859461305403077,0.03336819220903947
0.307828635692896,0.1159600487503335,0.007915303308168586,0.011992336461278064,0.16459180435712994,0.036004769432789185,0.1721353156282444,0.3497585209589935,0.8555533065978388,0.742012013792044,0.4180977358813936,0.34625598811121705,0.0484119281415053,0.010421027611283495,0.04702889313582492,0.043722536161420245,0.029330732670574067,0.10043685142583797,0.09542271355639725,0.06507732100812375,0.07496156047381286,0.12766872128218776,0.41512076376816176,0.4761809232518442,0.5440047178643083,0.5724400584073144,0.7106049121019882,0.4721669108747229,0.37249996832848015,0.8786309373352289,0.5309222137826098,0.032906315492773675,1.0,0.33845768363257006,0.3851450257189738,0.020531892192837797
0.26561286920418065,0.16700144372296177,0.0,0.0,0.17403304342659143,0.029463889790061648,0.13410607616178316,0.31498519425450794,0.8691222446220397,0.74846525449629,0.37842697795860913,0.367861781287466,0.0,0.0,0.049745814529229104,0.04311417330782369,0.03174694146343693,0.10128476731821762,0.1376812561330622,0.0967985490959995,0.13190741327228656,0.07204924845629734,0.4237707642152656,0.47671358297769845,0.5172766989970302,0.5884848277810084,0.7212087353197367,0.38942468360470317,0.6369560216302439,0.6117309817957032,0.5032671843665989,0.02272404708813669,0.6356262740359059,0.4485240222308922,0.362488586766103,0.011698644312450324
0.2496196543155345,0.19394993966586327,0.011874479892581502,0.05731160846553818,0.3443294593952574,0.2321740933241926,0.14321258080946891,0.3394902263733625,0.9581184049082745,0.8367383411366489,0.38326680140177005,0.4623244497467355,0.07518795600272798,0.11876993458658125,0.07591574899359677,0.11157405410209892,0.045967881367262986,0.13436446114527428,0.29907222953258117,0.27102573326025586,0.20267663239999772,0.2008985558783169,0.4680854729769574,0.5067991549048294,0.49417303515275635,0.5444119611743771,0.6373124960859338,0.3075569896124146,0.7181214898612529,0.5366835088413201,0.5113441923127102,0.0,0.5099549182715202,0.5815017055767231,0.3559525097807488,0.030172061702832653
